[7,4]
[[92], [104,124]] //104==124 but not 94
[[104,124], [106]]
[[106],[96]]
[54,89,91] //not 54
[71, 73] //71 not = 73
[75,!= 76]
[72!=33]
[98!30]
[98!60]
97!98[]
[[37], [32]
[33][72]
[[110], [84]]
[[94], [104,124]] //104==124 but not 94
[45][110]
[[84], [45]]
[[92], [106]]
[[106], [104, 124]] //106!=104==124
[60][98]
[97]![98]
[94]!=[92]
[98][24]

//start from 37 32

[7,4, 92, 106, 96, 54, 71, 73, 75,76, 72,33,98,30, 98, 60, 97, 37, 32, 33, 72, 110, 84, 94, 45 ,84,92, 60,98,97,94,92, 98, 24
