1.00 0.00 0.00 
0.10 0.90 0.00 
0.48 0.52 0.00 
0.28 0.71 0.01 
0.86 0.14 0.00 
0.76 0.24 0.00 
0.20 0.79 0.00 
0.64 0.24 0.12 
0.89 0.11 0.00 
0.21 0.76 0.02 
0.16 0.83 0.00 
0.29 0.70 0.01 
0.25 0.62 0.13 
0.00 1.00 0.00 
0.35 0.64 0.01 
0.97 0.03 0.00 
0.66 0.32 0.01 
0.13 0.87 0.00 
0.16 0.84 0.00 
0.12 0.11 0.77 
0.02 0.98 0.00 
0.11 0.89 0.00 
0.29 0.71 0.00 
1.00 0.00 0.00 
0.00 0.00 0.99 
0.90 0.10 0.00 
0.19 0.80 0.01 
0.18 0.76 0.06 
0.02 0.98 0.00 
0.01 0.99 0.00 
0.78 0.22 0.00 
0.87 0.13 0.00 
0.99 0.01 0.00 
0.99 0.01 0.00 
0.03 0.97 0.00 
0.27 0.73 0.00 
0.23 0.77 0.00 
0.99 0.01 0.00 
0.92 0.08 0.00 
0.64 0.35 0.01 
1.00 0.00 0.00 
0.14 0.84 0.02 
0.37 0.63 0.00 
0.93 0.07 0.00 
0.07 0.93 0.00 
0.90 0.09 0.00 
1.00 0.00 0.00 
0.11 0.89 0.00 
0.92 0.07 0.01 
0.20 0.77 0.03 
0.18 0.81 0.01 
0.13 0.02 0.85 
0.36 0.64 0.00 
0.23 0.76 0.00 
0.00 1.00 0.00 
0.01 0.00 0.99 
0.04 0.96 0.00 
0.06 0.94 0.00 
0.56 0.38 0.06 
0.78 0.22 0.00 
0.01 0.00 0.99 
0.01 0.99 0.00 
0.06 0.94 0.00 
0.16 0.83 0.00 
0.10 0.90 0.00 
0.04 0.96 0.00 
0.74 0.25 0.01 
0.21 0.78 0.01 
1.00 0.00 0.00 
0.08 0.92 0.00 
0.74 0.25 0.01 
0.10 0.90 0.00 
1.00 0.00 0.00 
1.00 0.00 0.00 
1.00 0.00 0.00 
0.11 0.88 0.01 
0.70 0.24 0.06 
0.00 1.00 0.00 
0.45 0.55 0.00 
0.14 0.86 0.00 
0.96 0.04 0.00 
0.21 0.78 0.01 
0.95 0.05 0.00 
0.38 0.54 0.07 
0.68 0.31 0.01 
0.23 0.77 0.01 
0.17 0.82 0.01 
0.05 0.05 0.90 
0.13 0.87 0.00 
0.93 0.07 0.00 
0.86 0.14 0.00 
0.80 0.20 0.00 
0.01 0.00 0.98 
0.40 0.60 0.00 
0.02 0.98 0.00 
0.50 0.50 0.00 
0.95 0.05 0.00 
0.05 0.08 0.87 
0.29 0.70 0.01 
1.00 0.00 0.00 
0.03 0.97 0.00 
0.00 0.00 1.00 
0.27 0.51 0.22 
0.03 0.97 0.00 
0.05 0.94 0.00 
0.03 0.97 0.00 
0.67 0.32 0.02 
0.75 0.25 0.00 
0.95 0.05 0.00 
0.72 0.28 0.00 
0.98 0.02 0.00 
0.66 0.34 0.00 
1.00 0.00 0.00 
0.13 0.87 0.00 
0.90 0.10 0.00 
0.06 0.94 0.00 
0.25 0.75 0.00 
0.87 0.13 0.00 
0.97 0.03 0.00 
0.94 0.06 0.00 
0.06 0.94 0.00 
1.00 0.00 0.00 
0.20 0.79 0.01 
0.07 0.93 0.00 
0.95 0.05 0.00 
0.05 0.94 0.01 
0.11 0.88 0.00 
0.69 0.31 0.00 
0.85 0.15 0.00 
0.05 0.02 0.93 
0.91 0.09 0.00 
0.05 0.03 0.93 
1.00 0.00 0.00 
0.69 0.30 0.01 
0.90 0.10 0.00 
0.03 0.92 0.05 
0.42 0.58 0.00 
0.03 0.00 0.97 
0.08 0.91 0.01 
0.20 0.79 0.01 
0.05 0.95 0.00 
0.03 0.97 0.00 
0.71 0.27 0.02 
0.97 0.03 0.00 
0.08 0.14 0.78 
0.61 0.39 0.00 
0.68 0.29 0.03 
0.42 0.58 0.01 
0.12 0.88 0.00 
0.05 0.94 0.00 
0.00 1.00 0.00 
0.46 0.51 0.03 
0.15 0.85 0.01 
0.36 0.64 0.00 
0.98 0.02 0.00 
0.08 0.92 0.00 
0.84 0.16 0.00 
0.23 0.77 0.01 
0.88 0.12 0.00 
0.36 0.63 0.02 
0.36 0.64 0.00 
0.12 0.88 0.00 
0.01 0.99 0.00 
0.20 0.79 0.01 
0.01 0.99 0.00 
0.13 0.11 0.75 
0.39 0.61 0.00 
0.17 0.82 0.01 
0.52 0.48 0.00 
0.06 0.94 0.00 
0.00 0.00 0.99 
0.05 0.95 0.00 
0.05 0.95 0.00 
0.05 0.95 0.00 
0.30 0.70 0.00 
0.09 0.91 0.00 
1.00 0.00 0.00 
0.94 0.06 0.00 
0.11 0.89 0.00 
0.16 0.84 0.00 
0.07 0.92 0.00 
1.00 0.00 0.00 
0.93 0.07 0.00 
0.92 0.08 0.00 
0.00 1.00 0.00 
0.06 0.94 0.00 
0.12 0.88 0.00 
0.06 0.94 0.00 
0.46 0.19 0.35 
1.00 0.00 0.00 
0.58 0.35 0.07 
0.05 0.95 0.00 
0.06 0.94 0.00 
0.51 0.49 0.00 
1.00 0.00 0.00 
0.04 0.96 0.00 
1.00 0.00 0.00 
0.06 0.94 0.00 
0.93 0.07 0.00 
0.11 0.01 0.88 
0.11 0.89 0.00 
1.00 0.00 0.00 
0.06 0.93 0.01 
0.14 0.85 0.00 
0.05 0.95 0.00 
0.44 0.55 0.01 
0.09 0.91 0.00 
0.20 0.79 0.01 
0.05 0.95 0.00 
0.15 0.85 0.00 
0.39 0.55 0.05 
0.13 0.87 0.01 
0.02 0.01 0.97 
0.01 0.99 0.00 
0.06 0.94 0.00 
0.02 0.98 0.00 
0.26 0.74 0.00 
0.17 0.83 0.00 
0.74 0.24 0.01 
0.90 0.10 0.00 
0.53 0.47 0.00 
0.04 0.96 0.00 
0.11 0.89 0.00 
0.01 0.00 0.99 
0.69 0.29 0.01 
0.26 0.74 0.00 
0.95 0.05 0.00 
0.70 0.30 0.00 
0.11 0.89 0.00 
0.07 0.93 0.00 
0.06 0.94 0.00 
0.96 0.04 0.00 
0.07 0.93 0.00 
0.18 0.80 0.02 
0.67 0.32 0.01 
0.66 0.32 0.01 
0.13 0.87 0.00 
0.00 1.00 0.00 
1.00 0.00 0.00 
0.11 0.89 0.00 
0.69 0.30 0.00 
0.02 0.98 0.00 
0.40 0.60 0.00 
0.00 1.00 0.00 
0.14 0.85 0.01 
0.10 0.89 0.01 
0.90 0.10 0.00 
0.13 0.87 0.00 
0.02 0.00 0.98 
0.71 0.29 0.00 
1.00 0.00 0.00 
0.90 0.10 0.00 
0.16 0.83 0.00 
0.03 0.97 0.00 
0.42 0.58 0.00 
0.13 0.86 0.01 
0.15 0.84 0.01 
0.03 0.97 0.00 
0.03 0.00 0.97 
0.20 0.80 0.01 
1.00 0.00 0.00 
0.03 0.97 0.00 
0.87 0.13 0.00 
0.44 0.00 0.56 
0.12 0.88 0.00 
0.11 0.89 0.00 
0.18 0.81 0.00 
0.16 0.82 0.03 
0.94 0.06 0.00 
0.04 0.82 0.14 
0.11 0.08 0.81 
0.08 0.92 0.00 
0.18 0.81 0.02 
1.00 0.00 0.00 
1.00 0.00 0.00 
0.93 0.07 0.00 
0.02 0.98 0.00 
0.18 0.81 0.01 
0.99 0.01 0.00 
0.72 0.27 0.02 
0.10 0.90 0.00 
0.84 0.15 0.00 
0.01 0.99 0.00 
1.00 0.00 0.00 
0.16 0.82 0.02 
0.21 0.77 0.02 
0.08 0.92 0.00 
1.00 0.00 0.00 
0.62 0.37 0.01 
0.55 0.42 0.03 
0.24 0.74 0.02 
0.09 0.91 0.00 
0.99 0.01 0.00 
0.40 0.60 0.00 
0.96 0.04 0.00 
0.11 0.09 0.81 
0.05 0.95 0.00 
0.03 0.11 0.86 
0.66 0.29 0.05 
0.54 0.46 0.00 
0.98 0.02 0.00 
0.96 0.04 0.00 
0.12 0.86 0.02 
0.15 0.83 0.01 
0.10 0.89 0.01 
1.00 0.00 0.00 
0.06 0.93 0.01 
0.16 0.83 0.01 
0.05 0.95 0.00 
0.48 0.52 0.00 
0.03 0.97 0.00 
0.01 0.00 0.99 
1.00 0.00 0.00 
1.00 0.00 0.00 
0.98 0.02 0.00 
0.04 0.96 0.00 
0.15 0.85 0.00 
0.17 0.83 0.00 
0.03 0.97 0.00 
0.02 0.00 0.98 
0.51 0.37 0.13 
0.13 0.87 0.00 
0.02 0.98 0.00 
0.02 0.98 0.00 
0.03 0.97 0.00 
0.24 0.76 0.00 
0.98 0.02 0.00 
0.88 0.12 0.00 
0.03 0.97 0.00 
0.95 0.05 0.00 
0.32 0.21 0.47 
0.09 0.20 0.71 
0.20 0.79 0.01 
0.67 0.33 0.00 
0.91 0.09 0.00 
0.06 0.94 0.00 
0.17 0.81 0.01 
0.71 0.27 0.02 
0.91 0.09 0.00 
0.00 0.00 1.00 
0.17 0.08 0.76 
0.07 0.93 0.00 
0.11 0.06 0.83 
1.00 0.00 0.00 
0.08 0.92 0.00 
0.67 0.30 0.03 
0.36 0.64 0.00 
0.03 0.97 0.00 
0.01 0.00 0.99 
0.40 0.60 0.00 
1.00 0.00 0.00 
0.98 0.02 0.00 
0.56 0.38 0.06 
0.05 0.95 0.00 
0.96 0.04 0.00 
0.81 0.19 0.00 
0.10 0.90 0.00 
0.37 0.63 0.00 
0.95 0.05 0.00 
0.13 0.87 0.00 
0.01 0.99 0.00 
1.00 0.00 0.00 
0.98 0.02 0.00 
0.04 0.95 0.00 
0.04 0.96 0.00 
0.94 0.06 0.00 
0.65 0.35 0.00 
0.22 0.78 0.00 
0.21 0.79 0.00 
0.06 0.93 0.00 
0.17 0.83 0.00 
0.66 0.34 0.00 
0.45 0.54 0.01 
0.97 0.03 0.00 
0.02 0.97 0.00 
0.06 0.93 0.01 
0.15 0.10 0.75 
0.19 0.81 0.01 
0.30 0.70 0.00 
0.41 0.59 0.00 
0.99 0.01 0.00 
0.31 0.64 0.05 
0.35 0.65 0.00 
0.04 0.96 0.00 
0.13 0.04 0.84 
0.02 0.98 0.00 
0.01 0.99 0.00 
0.02 0.98 0.00 
0.68 0.32 0.00 
0.17 0.81 0.02 
0.99 0.01 0.00 
0.03 0.97 0.00 
0.23 0.77 0.00 
0.02 0.98 0.00 
0.08 0.92 0.00 
0.16 0.82 0.01 
0.47 0.33 0.20 
0.01 0.99 0.00 
0.92 0.08 0.00 
0.00 0.00 0.99 
0.15 0.85 0.01 
1.00 0.00 0.00 
0.02 0.01 0.97 
0.16 0.83 0.00 
0.44 0.55 0.01 
1.00 0.00 0.00 
0.07 0.92 0.01 
0.98 0.02 0.00 
0.21 0.79 0.00 
0.47 0.52 0.02 
0.66 0.34 0.00 
0.16 0.84 0.00 
0.35 0.65 0.00 
0.08 0.91 0.00 
0.97 0.03 0.00 
0.10 0.10 0.80 
0.50 0.00 0.50 
0.14 0.86 0.00 
0.95 0.05 0.00 
1.00 0.00 0.00 
0.12 0.88 0.00 
0.95 0.05 0.00 
0.07 0.93 0.00 
0.11 0.01 0.88 
0.10 0.90 0.01 
0.15 0.84 0.01 
1.00 0.00 0.00 
0.01 0.99 0.00 
0.16 0.83 0.01 
0.92 0.08 0.00 
1.00 0.00 0.00 
0.09 0.91 0.00 
0.36 0.64 0.00 
0.07 0.93 0.00 
0.94 0.06 0.00 
0.23 0.76 0.01 
1.00 0.00 0.00 
0.02 0.00 0.97 
0.11 0.89 0.00 
0.65 0.29 0.06 
0.94 0.06 0.00 
0.60 0.27 0.13 
0.25 0.75 0.01 
0.05 0.94 0.01 
0.40 0.60 0.00 
0.03 0.97 0.00 
0.07 0.92 0.01 
0.11 0.89 0.01 
0.00 0.00 1.00 
0.23 0.76 0.01 
0.06 0.03 0.91 
0.15 0.84 0.01 
0.09 0.91 0.00 
0.79 0.21 0.00 
0.72 0.28 0.00 
0.06 0.94 0.00 
0.96 0.04 0.00 
0.05 0.95 0.00 
0.03 0.97 0.00 
0.01 0.00 0.99 
0.97 0.03 0.00 
0.07 0.92 0.00 
0.91 0.07 0.02 
0.07 0.93 0.00 
0.07 0.93 0.00 
0.13 0.87 0.00 
0.18 0.82 0.01 
0.04 0.06 0.90 
0.85 0.15 0.00 
1.00 0.00 0.00 
0.27 0.73 0.00 
0.92 0.08 0.00 
0.04 0.00 0.96 
0.05 0.95 0.00 
0.29 0.71 0.01 
0.03 0.00 0.97 
0.00 0.00 0.99 
0.37 0.03 0.60 
0.17 0.83 0.00 
0.12 0.87 0.01 
0.94 0.06 0.00 
1.00 0.00 0.00 
0.26 0.18 0.56 
0.24 0.76 0.00 
0.05 0.95 0.00 
0.44 0.56 0.00 
0.00 1.00 0.00 
0.12 0.88 0.00 
0.15 0.85 0.00 
0.99 0.01 0.00 
0.70 0.30 0.00 
0.01 0.99 0.00 
0.22 0.77 0.01 
0.93 0.07 0.00 
0.13 0.11 0.76 
0.98 0.02 0.00 
0.07 0.93 0.00 
0.99 0.01 0.00 
0.08 0.92 0.00 
0.32 0.67 0.01 
0.11 0.88 0.01 
0.05 0.94 0.00 
1.00 0.00 0.00 
0.06 0.06 0.88 
0.00 1.00 0.00 
0.11 0.89 0.00 
0.55 0.45 0.00 
0.02 0.97 0.00 
0.09 0.89 0.01 
0.42 0.54 0.04 
0.18 0.81 0.01 
0.03 0.97 0.00 
0.61 0.39 0.00 
0.75 0.24 0.01 
0.86 0.14 0.00 
0.13 0.08 0.79 
0.02 0.98 0.00 
0.21 0.79 0.00 
0.05 0.95 0.00 
0.21 0.78 0.00 
0.15 0.85 0.00 
0.94 0.06 0.00 
0.89 0.10 0.00 
0.13 0.87 0.00 
1.00 0.00 0.00 
0.12 0.88 0.00 
0.00 1.00 0.00 
0.27 0.73 0.00 
0.00 0.00 1.00 
0.99 0.01 0.00 
0.07 0.93 0.00 
0.10 0.90 0.00 
0.68 0.32 0.00 
0.07 0.93 0.00 
0.17 0.83 0.00 
0.10 0.90 0.00 
0.93 0.07 0.00 
0.09 0.91 0.00 
0.42 0.58 0.00 
0.92 0.07 0.00 
0.90 0.10 0.00 
0.09 0.91 0.00 
0.06 0.94 0.00 
0.13 0.84 0.02 
0.02 0.00 0.98 
0.01 0.99 0.00 
0.14 0.85 0.01 
0.93 0.07 0.00 
0.03 0.01 0.96 
0.48 0.52 0.00 
0.03 0.00 0.96 
0.14 0.86 0.00 
0.94 0.06 0.00 
1.00 0.00 0.00 
0.56 0.44 0.00 
0.00 0.00 1.00 
0.20 0.80 0.00 
0.99 0.01 0.00 
0.15 0.85 0.00 
0.26 0.74 0.01 
0.11 0.89 0.00 
0.01 0.99 0.00 
0.02 0.98 0.00 
0.29 0.70 0.01 
0.00 1.00 0.00 
0.00 1.00 0.00 
0.99 0.01 0.00 
0.03 0.97 0.00 
0.06 0.94 0.00 
0.08 0.92 0.00 
0.31 0.69 0.00 
0.16 0.84 0.01 
0.09 0.90 0.01 
0.20 0.80 0.01 
0.94 0.06 0.00 
0.12 0.11 0.77 
0.05 0.95 0.00 
0.66 0.32 0.01 
0.11 0.88 0.01 
0.96 0.04 0.00 
0.00 1.00 0.00 
0.53 0.45 0.02 
0.93 0.07 0.00 
0.04 0.96 0.00 
0.95 0.05 0.00 
1.00 0.00 0.00 
0.11 0.89 0.00 
0.06 0.94 0.00 
0.98 0.02 0.00 
1.00 0.00 0.00 
0.03 0.97 0.00 
0.05 0.01 0.95 
1.00 0.00 0.00 
0.28 0.72 0.00 
0.68 0.32 0.00 
0.25 0.75 0.00 
0.93 0.07 0.00 
0.89 0.11 0.00 
0.72 0.28 0.00 
0.01 0.00 0.99 
0.88 0.12 0.00 
1.00 0.00 0.00 
0.59 0.24 0.17 
0.25 0.74 0.00 
0.13 0.87 0.00 
0.26 0.31 0.43 
0.09 0.91 0.00 
0.01 0.00 0.99 
0.10 0.10 0.79 
0.12 0.88 0.00 
0.97 0.00 0.03 
0.03 0.97 0.00 
0.92 0.08 0.00 
1.00 0.00 0.00 
0.69 0.30 0.00 
0.98 0.02 0.00 
0.39 0.61 0.00 
0.04 0.96 0.00 
0.03 0.01 0.96 
0.11 0.89 0.01 
0.69 0.30 0.02 
1.00 0.00 0.00 
0.10 0.89 0.00 
0.71 0.29 0.00 
0.62 0.37 0.01 
0.02 0.98 0.00 
0.00 0.00 1.00 
0.94 0.06 0.00 
0.20 0.79 0.01 
0.39 0.61 0.00 
0.88 0.12 0.00 
0.69 0.22 0.09 
0.09 0.91 0.00 
0.86 0.14 0.00 
0.12 0.88 0.00 
0.95 0.05 0.00 
0.03 0.97 0.00 
0.06 0.94 0.00 
0.11 0.89 0.00 
0.96 0.04 0.00 
0.21 0.79 0.01 
0.34 0.66 0.00 
0.61 0.39 0.00 
0.04 0.95 0.01 
0.00 1.00 0.00 
0.18 0.82 0.01 
0.41 0.59 0.00 
0.10 0.90 0.00 
0.01 0.99 0.00 
0.88 0.12 0.00 
0.97 0.03 0.00 
0.11 0.88 0.02 
0.70 0.29 0.00 
1.00 0.00 0.00 
0.95 0.05 0.00 
0.68 0.32 0.00 
0.34 0.65 0.01 
0.07 0.93 0.00 
0.36 0.58 0.06 
1.00 0.00 0.00 
0.12 0.88 0.00 
0.07 0.93 0.00 
0.68 0.32 0.00 
0.10 0.89 0.01 
0.16 0.84 0.00 
0.99 0.00 0.01 
0.05 0.94 0.00 
1.00 0.00 0.00 
0.11 0.89 0.00 
0.04 0.96 0.00 
0.87 0.13 0.00 
0.95 0.05 0.00 
0.09 0.90 0.01 
0.99 0.01 0.00 
0.09 0.91 0.00 
0.12 0.88 0.00 
0.80 0.20 0.00 
0.08 0.92 0.00 
1.00 0.00 0.00 
0.06 0.06 0.89 
0.02 0.02 0.96 
0.04 0.96 0.01 
0.20 0.42 0.38 
0.05 0.94 0.00 
0.05 0.95 0.00 
0.35 0.65 0.00 
0.07 0.93 0.00 
0.19 0.05 0.76 
0.10 0.89 0.00 
0.88 0.11 0.00 
0.34 0.03 0.63 
0.80 0.20 0.00 
0.99 0.01 0.00 
0.24 0.76 0.01 
0.47 0.01 0.52 
1.00 0.00 0.00 
0.31 0.67 0.02 
0.01 0.99 0.00 
0.35 0.64 0.00 
0.91 0.09 0.00 
0.11 0.89 0.00 
0.01 0.00 0.99 
0.96 0.04 0.00 
0.05 0.94 0.00 
0.42 0.58 0.00 
0.09 0.90 0.01 
0.58 0.42 0.00 
0.01 0.99 0.00 
0.35 0.65 0.00 
0.90 0.10 0.00 
0.19 0.79 0.03 
0.97 0.03 0.00 
0.09 0.91 0.00 
0.01 0.99 0.00 
0.06 0.94 0.00 
0.20 0.79 0.01 
0.13 0.84 0.02 
0.22 0.77 0.00 
0.54 0.46 0.00 
0.21 0.78 0.00 
0.01 0.00 0.99 
0.58 0.42 0.00 
0.11 0.89 0.00 
0.02 0.98 0.00 
0.19 0.79 0.02 
0.09 0.91 0.00 
0.07 0.93 0.00 
0.69 0.25 0.05 
0.22 0.78 0.00 
0.88 0.12 0.00 
0.38 0.61 0.01 
0.97 0.03 0.00 
0.09 0.91 0.00 
0.11 0.89 0.01 
0.02 0.98 0.00 
0.03 0.97 0.00 
0.89 0.11 0.00 
0.00 1.00 0.00 
0.03 0.97 0.00 
0.29 0.71 0.00 
0.12 0.87 0.00 
0.07 0.09 0.84 
0.99 0.01 0.00 
0.06 0.94 0.00 
0.05 0.94 0.00 
0.07 0.93 0.00 
0.15 0.85 0.00 
0.08 0.04 0.89 
0.03 0.96 0.00 
0.07 0.93 0.00 
0.05 0.95 0.00 
0.61 0.26 0.13 
1.00 0.00 0.00 
0.29 0.22 0.49 
0.01 0.00 0.99 
0.02 0.98 0.00 
0.11 0.88 0.00 
0.51 0.46 0.04 
0.06 0.94 0.00 
0.98 0.02 0.00 
0.68 0.31 0.01 
0.37 0.01 0.62 
0.05 0.94 0.00 
0.90 0.10 0.00 
0.66 0.32 0.02 
0.10 0.90 0.00 
1.00 0.00 0.00 
0.98 0.02 0.00 
0.97 0.03 0.00 
0.05 0.94 0.01 
0.08 0.92 0.00 
1.00 0.00 0.00 
0.04 0.96 0.00 
0.00 1.00 0.00 
0.24 0.75 0.00 
1.00 0.00 0.00 
0.06 0.93 0.00 
0.05 0.95 0.00 
0.03 0.97 0.00 
0.75 0.25 0.00 
0.34 0.65 0.00 
0.17 0.82 0.00 
0.06 0.94 0.00 
0.05 0.95 0.00 
0.17 0.82 0.00 
1.00 0.00 0.00 
0.29 0.71 0.00 
0.04 0.96 0.00 
0.78 0.21 0.00 
0.19 0.81 0.00 
0.60 0.38 0.03 
0.86 0.14 0.00 
0.06 0.93 0.00 
1.00 0.00 0.00 
0.09 0.90 0.00 
1.00 0.00 0.00 
0.08 0.92 0.00 
0.06 0.94 0.00 
1.00 0.00 0.00 
0.08 0.91 0.01 
0.01 0.99 0.00 
0.01 0.99 0.00 
0.91 0.09 0.00 
0.95 0.03 0.03 
0.06 0.01 0.93 
0.01 0.00 0.99 
0.04 0.96 0.00 
0.26 0.74 0.00 
0.94 0.06 0.00 
0.83 0.16 0.01 
1.00 0.00 0.00 
0.06 0.94 0.00 
0.13 0.87 0.00 
0.01 0.99 0.00 
0.11 0.89 0.00 
0.73 0.25 0.02 
0.12 0.88 0.00 
0.02 0.98 0.00 
0.12 0.10 0.79 
0.07 0.93 0.00 
0.09 0.91 0.00 
0.01 0.00 0.99 
0.02 0.98 0.00 
1.00 0.00 0.00 
1.00 0.00 0.00 
0.19 0.81 0.00 
0.12 0.88 0.00 
0.10 0.90 0.00 
0.01 0.00 0.99 
0.01 0.98 0.00 
0.22 0.77 0.00 
0.01 0.99 0.00 
0.04 0.96 0.00 
0.07 0.93 0.00 
0.07 0.93 0.00 
0.03 0.97 0.00 
0.20 0.80 0.00 
0.31 0.68 0.01 
0.58 0.42 0.00 
0.98 0.02 0.00 
0.67 0.33 0.00 
1.00 0.00 0.00 
0.07 0.93 0.00 
1.00 0.00 0.00 
0.88 0.12 0.00 
0.03 0.97 0.00 
0.09 0.91 0.00 
0.00 0.00 1.00 
0.99 0.00 0.01 
0.10 0.90 0.00 
0.02 0.98 0.00 
0.35 0.64 0.00 
0.19 0.81 0.00 
0.75 0.25 0.00 
0.66 0.34 0.00 
0.86 0.13 0.00 
0.97 0.03 0.00 
0.96 0.04 0.00 
0.87 0.13 0.00 
0.38 0.61 0.01 
0.02 0.98 0.00 
0.57 0.43 0.00 
0.97 0.03 0.00 
0.05 0.95 0.00 
1.00 0.00 0.00 
0.18 0.81 0.01 
0.53 0.47 0.00 
0.05 0.94 0.01 
1.00 0.00 0.00 
0.03 0.97 0.00 
1.00 0.00 0.00 
0.97 0.03 0.00 
0.08 0.92 0.00 
0.70 0.16 0.14 
0.17 0.50 0.33 
0.15 0.85 0.00 
0.17 0.82 0.01 
0.85 0.15 0.00 
0.00 0.00 1.00 
0.06 0.94 0.00 
0.01 0.99 0.00 
0.15 0.85 0.01 
1.00 0.00 0.00 
0.00 1.00 0.00 
0.25 0.75 0.00 
0.00 1.00 0.00 
0.04 0.01 0.95 
0.04 0.96 0.00 
0.96 0.03 0.01 
0.04 0.96 0.00 
0.96 0.04 0.00 
0.91 0.09 0.00 
0.06 0.93 0.00 
0.97 0.03 0.00 
0.89 0.11 0.00 
0.11 0.89 0.00 
0.19 0.81 0.00 
0.02 0.97 0.01 
1.00 0.00 0.00 
0.06 0.94 0.00 
0.02 0.98 0.00 
0.84 0.16 0.00 
0.99 0.01 0.00 
0.04 0.03 0.92 
0.13 0.86 0.00 
0.41 0.59 0.00 
0.13 0.87 0.00 
0.00 0.00 0.99 
0.10 0.89 0.00 
0.84 0.16 0.00 
1.00 0.00 0.00 
0.01 0.00 0.99 
0.96 0.04 0.00 
0.98 0.02 0.00 
0.15 0.84 0.00 
0.27 0.73 0.01 
0.88 0.12 0.00 
0.01 0.99 0.00 
0.30 0.70 0.00 
0.06 0.94 0.00 
0.88 0.12 0.00 
0.98 0.02 0.00 
0.12 0.86 0.02 
0.25 0.74 0.01 
1.00 0.00 0.00 
0.05 0.95 0.00 
0.00 1.00 0.00 
0.98 0.02 0.00 
0.12 0.88 0.00 
0.17 0.82 0.01 
0.08 0.91 0.00 
0.06 0.94 0.00 
0.19 0.80 0.01 
0.96 0.04 0.00 
0.00 0.00 1.00 
0.91 0.09 0.00 
0.93 0.07 0.00 
0.10 0.89 0.00 
0.55 0.45 0.00 
0.09 0.91 0.00 
0.00 1.00 0.00 
0.33 0.67 0.00 
0.90 0.10 0.00 
0.38 0.61 0.01 
0.17 0.81 0.01 
0.31 0.68 0.00 
0.28 0.72 0.00 
0.89 0.11 0.00 
0.68 0.32 0.00 
0.11 0.88 0.00 
0.53 0.36 0.11 
0.16 0.83 0.00 
0.60 0.40 0.00 
0.08 0.92 0.00 
0.06 0.93 0.00 
0.09 0.90 0.00 
1.00 0.00 0.00 
0.07 0.00 0.93 
0.10 0.90 0.00 
0.05 0.01 0.94 
1.00 0.00 0.00 
0.05 0.95 0.00 
0.28 0.71 0.00 
0.05 0.95 0.00 
0.98 0.02 0.00 
0.07 0.93 0.00 
0.75 0.25 0.00 
0.99 0.01 0.00 
0.09 0.91 0.00 
0.06 0.93 0.01 
0.96 0.04 0.00 
0.07 0.93 0.01 
0.12 0.01 0.87 
0.16 0.83 0.01 
0.07 0.93 0.00 
0.06 0.94 0.00 
0.91 0.09 0.00 
0.06 0.94 0.00 
0.05 0.95 0.00 
0.00 0.00 1.00 
0.43 0.54 0.03 
0.05 0.95 0.00 
1.00 0.00 0.00 
0.01 0.00 0.99 
0.11 0.89 0.00 
0.03 0.97 0.00 
0.00 1.00 0.00 
0.57 0.38 0.05 
0.17 0.83 0.00 
0.12 0.88 0.00 
0.23 0.77 0.00 
0.09 0.91 0.01 
0.01 0.98 0.00 
0.16 0.84 0.00 
0.03 0.97 0.00 
0.09 0.91 0.00 
0.05 0.94 0.00 
0.01 0.02 0.97 
0.03 0.97 0.00 
0.00 1.00 0.00 
0.38 0.62 0.00 
0.47 0.52 0.00 
0.08 0.92 0.00 
0.72 0.26 0.02 
0.27 0.72 0.00 
0.14 0.85 0.01 
0.27 0.73 0.00 
0.06 0.94 0.00 
0.09 0.91 0.00 
0.04 0.96 0.00 
1.00 0.00 0.00 
0.62 0.26 0.11 
0.09 0.91 0.00 
0.18 0.82 0.00 
1.00 0.00 0.00 
0.24 0.01 0.75 
0.33 0.26 0.41 
0.23 0.76 0.01 
0.93 0.07 0.00 
0.03 0.97 0.00 
0.91 0.09 0.00 
0.12 0.88 0.00 
0.06 0.94 0.00 
1.00 0.00 0.00 
0.09 0.91 0.00 
0.04 0.01 0.94 
0.95 0.05 0.00 
0.98 0.02 0.00 
0.51 0.49 0.00 
0.00 1.00 0.00 
0.11 0.11 0.78 
0.05 0.01 0.94 
0.03 0.97 0.00 
0.03 0.00 0.97 
0.06 0.94 0.00 
0.11 0.88 0.01 
1.00 0.00 0.00 
0.97 0.03 0.00 
0.10 0.90 0.00 
0.95 0.05 0.00 
0.65 0.35 0.01 
0.07 0.06 0.87 
0.21 0.79 0.00 
0.71 0.27 0.02 
0.11 0.12 0.77 
0.27 0.72 0.01 
0.16 0.84 0.00 
0.96 0.04 0.00 
0.86 0.14 0.00 
0.06 0.94 0.00 
0.70 0.28 0.02 
0.50 0.50 0.00 
0.06 0.94 0.00 
0.03 0.96 0.00 
0.92 0.08 0.00 
0.15 0.14 0.71 
0.98 0.02 0.00 
0.11 0.89 0.00 
0.01 0.01 0.98 
0.16 0.84 0.00 
0.98 0.02 0.00 
0.14 0.86 0.00 
0.92 0.08 0.00 
0.01 0.99 0.00 
0.73 0.25 0.02 
1.00 0.00 0.00 
0.02 0.98 0.00 
1.00 0.00 0.00 
0.40 0.60 0.00 
0.99 0.01 0.00 
0.04 0.95 0.01 
1.00 0.00 0.00 
0.95 0.05 0.00 
1.00 0.00 0.00 
0.23 0.77 0.00 
0.19 0.81 0.00 
0.96 0.04 0.00 
0.10 0.89 0.00 
0.12 0.88 0.00 
0.39 0.61 0.00 
0.93 0.07 0.00 
0.10 0.90 0.00 
1.00 0.00 0.00 
0.13 0.87 0.00 
0.15 0.85 0.01 
0.97 0.03 0.00 
0.12 0.87 0.00 
0.10 0.90 0.00 
0.06 0.94 0.00 
0.02 0.00 0.98 
0.75 0.25 0.00 
0.05 0.95 0.00 
0.03 0.97 0.00 
0.37 0.62 0.00 
1.00 0.00 0.00 
0.47 0.52 0.01 
0.05 0.12 0.84 
0.02 0.98 0.00 
1.00 0.00 0.00 
1.00 0.00 0.00 
0.17 0.82 0.00 
0.43 0.57 0.00 
0.11 0.89 0.01 
0.99 0.01 0.00 
0.08 0.91 0.01 
0.04 0.08 0.88 
0.00 0.00 1.00 
0.14 0.86 0.00 
0.99 0.01 0.00 
0.97 0.03 0.00 
0.07 0.93 0.00 
0.19 0.04 0.77 
0.14 0.86 0.00 
0.12 0.88 0.00 
0.00 0.00 1.00 
0.99 0.01 0.00 
1.00 0.00 0.00 
0.95 0.05 0.00 
0.05 0.95 0.01 
0.36 0.64 0.00 
1.00 0.00 0.00 
0.67 0.31 0.01 
0.03 0.97 0.00 
0.00 0.00 1.00 
0.96 0.04 0.00 
0.46 0.43 0.11 
0.01 0.00 0.99 
0.06 0.94 0.00 
0.10 0.90 0.00 
0.08 0.92 0.00 
0.14 0.85 0.00 
0.14 0.85 0.00 
0.10 0.90 0.00 
0.17 0.82 0.01 
0.65 0.24 0.12 
0.93 0.07 0.00 
1.00 0.00 0.00 
0.64 0.24 0.13 
0.18 0.79 0.02 
0.02 0.98 0.00 
0.63 0.33 0.04 
0.34 0.02 0.64 
0.62 0.37 0.01 
0.67 0.33 0.00 
1.00 0.00 0.00 
0.16 0.83 0.00 
1.00 0.00 0.00 
0.04 0.01 0.95 
0.08 0.92 0.00 
0.93 0.07 0.00 
0.91 0.09 0.00 
0.02 0.98 0.00 
0.97 0.03 0.00 
0.74 0.20 0.06 
0.21 0.78 0.00 
0.85 0.15 0.00 
0.63 0.31 0.06 
0.05 0.95 0.00 
0.69 0.20 0.12 
0.11 0.89 0.01 
0.14 0.82 0.03 
0.91 0.09 0.00 
1.00 0.00 0.00 
0.82 0.18 0.00 
0.18 0.82 0.00 
0.83 0.17 0.00 
0.01 0.00 0.99 
0.99 0.01 0.00 
0.98 0.02 0.00 
0.72 0.27 0.01 
0.96 0.04 0.00 
0.11 0.89 0.00 
0.62 0.28 0.10 
0.90 0.10 0.00 
0.05 0.95 0.00 
0.14 0.86 0.00 
0.04 0.96 0.00 
0.02 0.98 0.00 
1.00 0.00 0.00 
0.02 0.98 0.00 
0.07 0.92 0.00 
0.04 0.96 0.00 
0.24 0.76 0.00 
0.09 0.91 0.00 
0.21 0.79 0.00 
0.16 0.84 0.00 
0.07 0.92 0.00 
0.22 0.78 0.00 
0.41 0.59 0.00 
0.11 0.89 0.01 
0.31 0.69 0.00 
0.87 0.13 0.00 
0.00 1.00 0.00 
0.16 0.83 0.00 
0.57 0.42 0.01 
0.09 0.91 0.00 
0.02 0.98 0.00 
0.02 0.06 0.92 
0.51 0.46 0.03 
0.00 1.00 0.00 
0.13 0.87 0.01 
0.45 0.55 0.00 
0.72 0.04 0.24 
0.06 0.94 0.00 
0.16 0.83 0.00 
0.95 0.05 0.00 
0.99 0.01 0.00 
0.13 0.87 0.00 
0.14 0.85 0.01 
0.11 0.89 0.00 
0.10 0.90 0.00 
1.00 0.00 0.00 
0.05 0.95 0.00 
0.34 0.66 0.00 
0.90 0.10 0.00 
0.61 0.39 0.00 
0.15 0.85 0.00 
0.11 0.12 0.78 
1.00 0.00 0.00 
0.00 1.00 0.00 
0.41 0.59 0.00 
0.28 0.71 0.00 
0.00 1.00 0.00 
0.99 0.01 0.00 
0.44 0.00 0.56 
0.02 0.98 0.00 
0.06 0.94 0.00 
0.97 0.03 0.00 
0.93 0.07 0.00 
0.91 0.09 0.00 
0.15 0.84 0.01 
1.00 0.00 0.00 
0.71 0.29 0.00 
0.01 0.00 0.99 
0.81 0.19 0.00 
0.45 0.55 0.00 
0.07 0.92 0.00 
0.85 0.15 0.00 
0.03 0.97 0.00 
0.03 0.97 0.00 
0.07 0.93 0.00 
0.09 0.91 0.00 
0.98 0.02 0.00 
0.03 0.97 0.00 
0.00 1.00 0.00 
0.01 0.00 0.99 
0.07 0.93 0.00 
0.14 0.86 0.00 
0.06 0.94 0.00 
1.00 0.00 0.00 
0.21 0.78 0.01 
0.02 0.98 0.00 
0.13 0.87 0.00 
0.13 0.87 0.00 
0.13 0.87 0.00 
0.15 0.84 0.00 
0.03 0.97 0.00 
0.90 0.10 0.00 
0.00 0.00 1.00 
0.10 0.90 0.00 
0.36 0.63 0.01 
0.10 0.90 0.00 
0.33 0.13 0.54 
1.00 0.00 0.00 
0.01 0.99 0.00 
0.13 0.83 0.03 
0.03 0.01 0.97 
0.08 0.92 0.00 
0.16 0.83 0.00 
0.04 0.96 0.00 
1.00 0.00 0.00 
0.14 0.04 0.82 
0.09 0.91 0.00 
0.33 0.23 0.44 
0.04 0.95 0.00 
0.15 0.85 0.00 
0.97 0.03 0.00 
0.10 0.50 0.40 
0.04 0.96 0.00 
0.05 0.95 0.00 
0.10 0.90 0.00 
0.25 0.75 0.00 
0.13 0.87 0.00 
0.05 0.95 0.01 
0.13 0.01 0.86 
0.10 0.01 0.89 
0.05 0.95 0.00 
0.86 0.13 0.00 
0.33 0.67 0.00 
0.07 0.93 0.00 
1.00 0.00 0.00 
0.99 0.01 0.00 
0.95 0.05 0.00 
0.14 0.86 0.00 
0.07 0.93 0.00 
1.00 0.00 0.00 
1.00 0.00 0.00 
0.06 0.94 0.00 
0.46 0.47 0.07 
0.09 0.91 0.00 
0.79 0.21 0.00 
0.45 0.55 0.00 
0.98 0.02 0.00 
0.26 0.01 0.73 
0.05 0.95 0.00 
0.85 0.15 0.00 
0.88 0.12 0.00 
0.02 0.98 0.00 
0.97 0.03 0.00 
0.41 0.58 0.00 
1.00 0.00 0.00 
0.02 0.98 0.00 
0.01 0.04 0.95 
0.81 0.18 0.01 
0.04 0.96 0.00 
0.98 0.02 0.00 
0.05 0.95 0.00 
0.90 0.10 0.00 
1.00 0.00 0.00 
0.09 0.91 0.00 
0.12 0.87 0.01 
0.05 0.95 0.00 
0.03 0.96 0.00 
0.07 0.93 0.00 
0.99 0.01 0.00 
0.10 0.89 0.00 
0.55 0.44 0.01 
0.06 0.94 0.00 
0.03 0.97 0.00 
0.22 0.78 0.00 
0.18 0.82 0.00 
0.80 0.20 0.00 
0.04 0.96 0.00 
0.10 0.90 0.00 
0.30 0.70 0.00 
0.05 0.95 0.01 
0.18 0.81 0.01 
0.09 0.91 0.00 
0.49 0.51 0.00 
0.05 0.95 0.00 
0.98 0.02 0.00 
0.58 0.00 0.42 
0.02 0.98 0.00 
0.23 0.76 0.00 
0.28 0.72 0.00 
1.00 0.00 0.00 
1.00 0.00 0.00 
0.07 0.93 0.00 
0.89 0.11 0.00 
0.92 0.08 0.00 
0.76 0.24 0.00 
0.94 0.06 0.00 
0.48 0.52 0.00 
0.81 0.19 0.00 
0.10 0.90 0.00 
1.00 0.00 0.00 
0.95 0.05 0.00 
0.15 0.76 0.08 
0.19 0.78 0.03 
0.12 0.87 0.01 
0.28 0.72 0.00 
1.00 0.00 0.00 
0.91 0.09 0.00 
0.00 0.00 1.00 
0.29 0.68 0.03 
0.05 0.95 0.00 
0.01 0.99 0.00 
0.99 0.01 0.00 
0.28 0.68 0.04 
0.01 0.99 0.00 
0.08 0.10 0.82 
0.95 0.05 0.00 
0.99 0.01 0.00 
1.00 0.00 0.00 
0.04 0.96 0.00 
0.57 0.43 0.01 
0.01 0.99 0.00 
0.02 0.98 0.00 
0.09 0.91 0.00 
0.03 0.06 0.91 
0.14 0.85 0.01 
0.04 0.96 0.00 
0.94 0.06 0.00 
0.15 0.85 0.01 
0.14 0.86 0.00 
0.94 0.06 0.00 
0.00 1.00 0.00 
0.05 0.95 0.00 
0.95 0.05 0.00 
0.00 1.00 0.00 
0.10 0.90 0.00 
0.74 0.26 0.00 
0.00 1.00 0.00 
0.05 0.95 0.00 
0.93 0.07 0.00 
0.11 0.89 0.00 
0.09 0.03 0.87 
0.07 0.93 0.00 
0.34 0.66 0.00 
0.99 0.01 0.00 
0.12 0.88 0.00 
0.48 0.52 0.00 
0.06 0.09 0.85 
0.03 0.97 0.00 
0.67 0.33 0.00 
0.11 0.88 0.01 
0.02 0.98 0.00 
0.13 0.87 0.00 
0.83 0.17 0.00 
0.11 0.89 0.00 
0.09 0.90 0.01 
0.01 0.99 0.00 
0.26 0.73 0.01 
0.12 0.87 0.00 
0.22 0.77 0.01 
0.43 0.48 0.09 
0.15 0.85 0.00 
0.97 0.03 0.00 
0.14 0.86 0.00 
0.98 0.02 0.00 
0.13 0.86 0.00 
0.11 0.89 0.00 
0.18 0.82 0.00 
0.15 0.84 0.01 
0.95 0.05 0.00 
0.00 0.00 1.00 
0.00 1.00 0.00 
0.07 0.07 0.86 
0.04 0.96 0.00 
0.17 0.83 0.00 
0.05 0.01 0.94 
0.01 0.98 0.00 
0.14 0.00 0.86 
0.10 0.90 0.00 
0.94 0.06 0.00 
0.03 0.96 0.00 
0.25 0.75 0.00 
0.75 0.25 0.01 
0.04 0.96 0.00 
0.87 0.12 0.00 
0.17 0.22 0.61 
1.00 0.00 0.00 
0.04 0.96 0.00 
0.65 0.35 0.01 
0.25 0.75 0.00 
0.06 0.13 0.82 
0.79 0.21 0.00 
0.64 0.36 0.00 
0.18 0.82 0.00 
0.00 1.00 0.00 
0.05 0.95 0.00 
0.27 0.70 0.03 
0.33 0.66 0.01 
0.99 0.01 0.00 
0.78 0.22 0.00 
1.00 0.00 0.00 
0.08 0.92 0.00 
0.84 0.15 0.01 
0.05 0.95 0.00 
1.00 0.00 0.00 
0.00 1.00 0.00 
0.04 0.95 0.00 
0.07 0.93 0.00 
0.97 0.03 0.00 
0.14 0.85 0.01 
0.03 0.97 0.00 
0.16 0.84 0.00 
0.07 0.93 0.00 
0.63 0.13 0.24 
1.00 0.00 0.00 
0.49 0.50 0.01 
0.07 0.93 0.00 
1.00 0.00 0.00 
0.79 0.20 0.00 
0.04 0.96 0.00 
0.67 0.32 0.02 
0.11 0.89 0.00 
0.99 0.01 0.00 
0.22 0.77 0.00 
1.00 0.00 0.00 
0.31 0.67 0.02 
0.94 0.06 0.00 
0.03 0.97 0.00 
0.11 0.88 0.01 
0.08 0.91 0.01 
0.10 0.90 0.00 
0.00 1.00 0.00 
0.08 0.01 0.91 
1.00 0.00 0.00 
0.13 0.87 0.00 
0.08 0.91 0.01 
0.44 0.00 0.56 
0.09 0.91 0.00 
0.97 0.03 0.00 
0.92 0.08 0.00 
0.40 0.00 0.60 
0.93 0.07 0.00 
0.02 0.03 0.95 
0.70 0.29 0.01 
0.49 0.51 0.00 
0.03 0.97 0.00 
0.87 0.13 0.00 
0.54 0.46 0.00 
0.04 0.96 0.00 
0.14 0.86 0.01 
0.06 0.94 0.00 
0.25 0.75 0.00 
0.70 0.29 0.01 
0.76 0.24 0.00 
0.54 0.46 0.00 
0.03 0.97 0.00 
0.12 0.87 0.01 
0.10 0.90 0.00 
0.06 0.94 0.00 
0.14 0.85 0.01 
1.00 0.00 0.00 
0.11 0.89 0.00 
0.39 0.60 0.01 
0.08 0.06 0.86 
0.68 0.30 0.01 
0.36 0.64 0.00 
0.37 0.61 0.02 
0.89 0.10 0.00 
0.56 0.44 0.00 
0.37 0.63 0.00 
0.03 0.97 0.00 
0.08 0.87 0.04 
0.07 0.93 0.00 
0.14 0.86 0.00 
1.00 0.00 0.00 
1.00 0.00 0.00 
1.00 0.00 0.00 
0.09 0.89 0.01 
0.00 0.00 0.99 
0.00 0.00 0.99 
0.98 0.02 0.00 
0.08 0.92 0.00 
0.38 0.61 0.00 
0.25 0.74 0.01 
0.71 0.29 0.00 
0.10 0.89 0.00 
0.04 0.95 0.01 
1.00 0.00 0.00 
0.11 0.89 0.00 
0.01 0.03 0.97 
0.34 0.64 0.02 
0.08 0.92 0.00 
0.78 0.22 0.00 
0.71 0.26 0.02 
1.00 0.00 0.00 
0.10 0.89 0.00 
0.08 0.92 0.00 
0.86 0.14 0.00 
0.03 0.97 0.00 
0.06 0.13 0.82 
0.90 0.10 0.00 
0.10 0.89 0.00 
0.93 0.07 0.00 
0.08 0.92 0.01 
0.19 0.81 0.00 
0.16 0.84 0.00 
0.06 0.94 0.00 
0.27 0.72 0.01 
0.78 0.22 0.00 
0.25 0.75 0.01 
0.65 0.24 0.11 
1.00 0.00 0.00 
0.98 0.02 0.00 
0.13 0.87 0.00 
0.09 0.91 0.00 
0.16 0.84 0.00 
0.91 0.09 0.00 
0.99 0.01 0.00 
0.23 0.03 0.74 
0.10 0.90 0.00 
0.04 0.96 0.00 
0.17 0.82 0.00 
0.02 0.98 0.00 
0.03 0.97 0.00 
0.12 0.87 0.00 
0.99 0.01 0.00 
0.82 0.17 0.01 
0.96 0.04 0.00 
1.00 0.00 0.00 
0.06 0.94 0.00 
0.01 0.00 0.99 
0.14 0.85 0.00 
0.02 0.00 0.98 
0.92 0.08 0.00 
0.69 0.29 0.02 
0.01 0.99 0.00 
0.01 0.99 0.00 
0.18 0.82 0.01 
0.52 0.48 0.00 
0.98 0.02 0.00 
0.17 0.82 0.00 
0.16 0.84 0.00 
0.30 0.70 0.00 
0.04 0.96 0.00 
0.96 0.04 0.00 
0.14 0.01 0.85 
0.86 0.13 0.00 
0.81 0.19 0.00 
0.99 0.00 0.01 
0.21 0.79 0.00 
0.02 0.98 0.00 
0.44 0.43 0.14 
0.97 0.03 0.00 
0.99 0.01 0.00 
1.00 0.00 0.00 
0.01 0.00 0.99 
0.03 0.96 0.00 
1.00 0.00 0.00 
0.17 0.83 0.00 
1.00 0.00 0.00 
0.10 0.89 0.00 
0.04 0.96 0.00 
0.87 0.13 0.00 
0.13 0.87 0.01 
1.00 0.00 0.00 
0.06 0.93 0.01 
0.18 0.82 0.00 
0.03 0.02 0.95 
0.00 1.00 0.00 
1.00 0.00 0.00 
0.06 0.94 0.00 
0.01 0.99 0.00 
0.03 0.97 0.00 
0.98 0.02 0.00 
0.99 0.01 0.00 
0.07 0.93 0.00 
0.87 0.13 0.00 
0.03 0.97 0.00 
0.01 0.99 0.00 
0.00 1.00 0.00 
0.43 0.03 0.54 
1.00 0.00 0.00 
0.87 0.12 0.00 
1.00 0.00 0.00 
0.14 0.86 0.00 
1.00 0.00 0.00 
0.01 0.99 0.00 
0.14 0.86 0.00 
0.02 0.06 0.92 
0.35 0.64 0.02 
0.32 0.02 0.65 
0.79 0.18 0.02 
0.24 0.76 0.00 
0.12 0.88 0.00 
0.67 0.32 0.01 
0.99 0.01 0.00 
0.11 0.88 0.01 
0.88 0.12 0.00 
0.16 0.82 0.02 
0.87 0.13 0.00 
0.04 0.95 0.00 
0.18 0.81 0.01 
0.11 0.88 0.00 
0.07 0.93 0.00 
0.11 0.88 0.01 
0.24 0.68 0.08 
0.10 0.90 0.00 
0.05 0.95 0.00 
0.62 0.34 0.04 
0.41 0.57 0.01 
0.97 0.03 0.00 
0.11 0.89 0.00 
0.04 0.96 0.00 
0.10 0.90 0.00 
0.73 0.25 0.02 
0.10 0.90 0.00 
0.76 0.24 0.00 
0.95 0.05 0.00 
0.62 0.37 0.02 
0.11 0.89 0.00 
0.10 0.90 0.00 
0.04 0.96 0.00 
0.25 0.74 0.00 
0.05 0.95 0.00 
0.06 0.02 0.92 
0.23 0.77 0.00 
0.12 0.88 0.00 
0.59 0.23 0.18 
0.37 0.61 0.01 
0.03 0.97 0.00 
0.02 0.98 0.00 
0.04 0.96 0.00 
0.92 0.08 0.00 
0.02 0.98 0.00 
0.16 0.84 0.01 
0.06 0.93 0.00 
0.98 0.02 0.00 
0.57 0.43 0.00 
0.84 0.15 0.01 
0.92 0.08 0.00 
0.03 0.97 0.00 
0.72 0.26 0.02 
0.96 0.04 0.00 
0.15 0.85 0.00 
0.33 0.67 0.00 
0.13 0.12 0.75 
0.06 0.94 0.01 
0.98 0.02 0.00 
0.41 0.58 0.01 
0.02 0.98 0.00 
0.14 0.85 0.01 
0.12 0.88 0.00 
1.00 0.00 0.00 
0.99 0.01 0.00 
0.21 0.79 0.00 
0.00 0.01 0.99 
0.33 0.67 0.00 
0.86 0.14 0.00 
0.31 0.69 0.00 
0.11 0.89 0.00 
0.10 0.88 0.01 
0.07 0.92 0.00 
0.03 0.97 0.00 
1.00 0.00 0.00 
0.91 0.09 0.00 
0.12 0.09 0.79 
0.23 0.77 0.01 
0.22 0.77 0.01 
0.11 0.89 0.00 
0.11 0.88 0.02 
0.11 0.89 0.00 
0.82 0.18 0.00 
0.77 0.23 0.00 
0.98 0.02 0.00 
0.98 0.02 0.00 
0.23 0.77 0.00 
0.52 0.48 0.00 
0.51 0.49 0.00 
0.95 0.05 0.00 
0.95 0.05 0.00 
0.10 0.90 0.00 
0.14 0.85 0.01 
0.03 0.97 0.00 
0.24 0.76 0.00 
0.61 0.39 0.00 
1.00 0.00 0.00 
0.90 0.10 0.00 
0.03 0.97 0.00 
0.10 0.90 0.00 
0.04 0.96 0.00 
0.74 0.25 0.01 
0.68 0.31 0.01 
1.00 0.00 0.00 
0.78 0.22 0.00 
0.47 0.51 0.02 
0.03 0.06 0.91 
0.97 0.03 0.00 
0.17 0.83 0.01 
0.05 0.95 0.00 
0.09 0.91 0.00 
0.22 0.78 0.01 
0.18 0.81 0.01 
0.21 0.02 0.77 
0.03 0.97 0.00 
0.01 0.00 0.99 
0.06 0.94 0.00 
0.99 0.01 0.00 
0.04 0.09 0.87 
0.02 0.06 0.92 
0.14 0.86 0.00 
0.07 0.92 0.00 
0.18 0.82 0.01 
0.06 0.94 0.00 
0.97 0.03 0.00 
0.01 0.00 0.99 
0.02 0.98 0.00 
0.03 0.97 0.00 
0.82 0.17 0.00 
0.07 0.93 0.00 
0.02 0.98 0.00 
0.04 0.96 0.00 
0.15 0.84 0.01 
0.09 0.91 0.00 
0.93 0.07 0.00 
0.98 0.02 0.00 
0.97 0.03 0.00 
0.02 0.98 0.00 
0.98 0.02 0.01 
0.02 0.00 0.97 
0.14 0.86 0.01 
0.07 0.93 0.01 
0.02 0.98 0.00 
0.00 0.00 0.99 
0.59 0.35 0.06 
0.18 0.82 0.00 
0.11 0.89 0.00 
0.93 0.07 0.00 
0.25 0.75 0.00 
0.76 0.23 0.00 
0.03 0.97 0.00 
0.15 0.85 0.00 
0.12 0.87 0.01 
0.05 0.95 0.00 
0.06 0.94 0.00 
0.36 0.63 0.01 
0.06 0.93 0.01 
0.49 0.50 0.00 
0.04 0.05 0.91 
1.00 0.00 0.00 
0.03 0.97 0.00 
0.31 0.69 0.00 
0.64 0.30 0.07 
0.41 0.57 0.01 
0.01 0.01 0.98 
0.92 0.08 0.00 
0.05 0.04 0.91 
0.91 0.09 0.00 
0.18 0.82 0.01 
0.93 0.07 0.00 
0.09 0.91 0.01 
0.94 0.06 0.00 
0.03 0.01 0.96 
0.14 0.85 0.00 
0.02 0.98 0.00 
0.03 0.97 0.00 
0.99 0.01 0.00 
0.91 0.00 0.09 
0.10 0.89 0.01 
0.04 0.96 0.00 
0.05 0.02 0.93 
0.06 0.93 0.00 
0.82 0.17 0.00 
0.23 0.05 0.72 
0.20 0.80 0.00 
0.25 0.72 0.02 
0.05 0.06 0.89 
0.15 0.84 0.00 
0.08 0.09 0.83 
0.01 0.01 0.98 
0.01 0.99 0.00 
0.98 0.02 0.00 
0.03 0.01 0.96 
0.01 0.99 0.00 
0.01 0.99 0.00 
1.00 0.00 0.00 
0.88 0.12 0.00 
0.12 0.88 0.01 
0.06 0.94 0.00 
0.91 0.09 0.00 
0.57 0.43 0.00 
0.93 0.07 0.00 
0.73 0.27 0.00 
0.02 0.00 0.97 
0.11 0.88 0.01 
0.98 0.02 0.00 
0.15 0.85 0.00 
0.05 0.94 0.00 
0.94 0.06 0.00 
0.30 0.70 0.01 
0.01 0.06 0.93 
0.07 0.93 0.00 
0.62 0.36 0.02 
0.97 0.03 0.00 
0.04 0.96 0.00 
0.21 0.77 0.03 
0.03 0.97 0.00 
1.00 0.00 0.00 
0.99 0.01 0.00 
1.00 0.00 0.00 
0.02 0.98 0.00 
1.00 0.00 0.00 
0.98 0.00 0.02 
0.68 0.32 0.00 
0.11 0.89 0.00 
0.04 0.14 0.82 
0.14 0.86 0.01 
1.00 0.00 0.00 
0.95 0.05 0.00 
0.20 0.79 0.01 
0.00 1.00 0.00 
0.74 0.24 0.01 
0.02 0.98 0.00 
0.99 0.01 0.00 
1.00 0.00 0.00 
0.01 0.04 0.95 
0.92 0.08 0.00 
0.18 0.81 0.01 
0.13 0.86 0.01 
0.97 0.03 0.00 
0.10 0.89 0.00 
0.93 0.07 0.00 
0.00 1.00 0.00 
0.00 1.00 0.00 
0.99 0.01 0.00 
0.04 0.96 0.00 
0.05 0.94 0.00 
0.65 0.34 0.00 
0.07 0.93 0.00 
0.90 0.10 0.00 
0.91 0.09 0.00 
0.22 0.76 0.02 
1.00 0.00 0.00 
0.03 0.97 0.00 
0.44 0.54 0.02 
0.03 0.97 0.00 
0.95 0.05 0.00 
1.00 0.00 0.00 
0.65 0.29 0.05 
0.78 0.22 0.00 
0.61 0.37 0.02 
0.11 0.88 0.02 
0.96 0.04 0.00 
0.14 0.86 0.00 
0.82 0.18 0.00 
0.03 0.97 0.00 
0.08 0.05 0.86 
0.14 0.85 0.01 
0.13 0.86 0.01 
0.96 0.04 0.00 
0.08 0.92 0.00 
0.00 1.00 0.00 
0.34 0.61 0.05 
0.93 0.07 0.00 
0.16 0.83 0.00 
0.00 1.00 0.00 
0.08 0.08 0.84 
0.04 0.96 0.00 
0.91 0.09 0.00 
0.48 0.52 0.01 
0.30 0.70 0.00 
1.00 0.00 0.00 
0.92 0.07 0.01 
0.00 1.00 0.00 
0.16 0.84 0.01 
0.32 0.68 0.00 
0.72 0.26 0.02 
0.91 0.09 0.00 
0.09 0.89 0.01 
0.12 0.87 0.01 
0.85 0.15 0.00 
0.17 0.83 0.00 
0.01 0.00 0.99 
0.12 0.88 0.00 
0.44 0.56 0.00 
0.30 0.68 0.02 
0.17 0.82 0.01 
0.03 0.97 0.00 
1.00 0.00 0.00 
0.26 0.66 0.08 
0.06 0.08 0.86 
0.97 0.03 0.00 
0.02 0.97 0.00 
0.54 0.38 0.08 
0.82 0.17 0.00 
0.02 0.98 0.00 
0.07 0.93 0.00 
0.17 0.82 0.01 
0.41 0.59 0.00 
0.03 0.01 0.96 
0.15 0.85 0.00 
0.05 0.95 0.00 
0.86 0.14 0.00 
0.01 0.99 0.00 
1.00 0.00 0.00 
0.47 0.53 0.00 
0.56 0.39 0.05 
0.37 0.63 0.00 
0.91 0.09 0.00 
0.13 0.87 0.00 
0.88 0.12 0.00 
0.61 0.00 0.39 
0.69 0.31 0.00 
0.07 0.93 0.00 
0.00 1.00 0.00 
0.07 0.27 0.66 
0.15 0.84 0.00 
0.28 0.02 0.71 
0.95 0.05 0.00 
0.13 0.87 0.00 
0.03 0.96 0.01 
0.66 0.32 0.02 
0.01 0.99 0.00 
0.62 0.38 0.00 
0.10 0.90 0.00 
0.39 0.61 0.00 
0.12 0.88 0.00 
0.06 0.94 0.00 
0.43 0.57 0.00 
0.53 0.46 0.01 
1.00 0.00 0.00 
0.96 0.04 0.00 
0.09 0.91 0.00 
0.90 0.10 0.00 
0.03 0.97 0.00 
0.19 0.81 0.00 
0.99 0.01 0.00 
0.98 0.02 0.00 
0.22 0.77 0.00 
0.09 0.75 0.16 
0.16 0.84 0.00 
0.02 0.97 0.00 
0.67 0.31 0.01 
0.12 0.87 0.01 
0.09 0.91 0.00 
1.00 0.00 0.00 
0.96 0.04 0.00 
0.49 0.49 0.02 
0.85 0.15 0.00 
0.04 0.95 0.00 
0.12 0.88 0.00 
0.09 0.91 0.00 
0.99 0.01 0.00 
0.00 0.00 1.00 
0.14 0.86 0.00 
1.00 0.00 0.00 
0.45 0.02 0.53 
0.56 0.38 0.06 
0.97 0.00 0.03 
0.01 0.98 0.00 
0.08 0.92 0.00 
0.94 0.06 0.00 
0.05 0.94 0.01 
0.07 0.93 0.00 
0.97 0.03 0.00 
0.96 0.03 0.00 
0.72 0.28 0.00 
0.69 0.30 0.02 
0.82 0.18 0.00 
0.09 0.91 0.00 
0.38 0.60 0.02 
0.08 0.10 0.83 
0.01 0.99 0.00 
0.02 0.01 0.97 
0.24 0.74 0.01 
0.13 0.86 0.00 
1.00 0.00 0.00 
1.00 0.00 0.00 
0.32 0.68 0.00 
0.87 0.13 0.00 
1.00 0.00 0.00 
0.95 0.05 0.00 
0.21 0.78 0.01 
0.30 0.69 0.00 
0.98 0.02 0.00 
0.92 0.08 0.00 
0.85 0.15 0.00 
0.46 0.20 0.34 
1.00 0.00 0.00 
0.03 0.97 0.00 
0.94 0.06 0.00 
0.11 0.89 0.00 
0.99 0.01 0.00 
0.37 0.63 0.00 
0.06 0.94 0.00 
0.03 0.96 0.00 
0.11 0.87 0.03 
0.65 0.34 0.00 
0.10 0.90 0.00 
0.97 0.03 0.00 
0.00 0.00 1.00 
0.06 0.94 0.00 
0.06 0.94 0.00 
0.44 0.00 0.56 
0.56 0.44 0.00 
0.12 0.88 0.00 
0.09 0.90 0.00 
0.46 0.53 0.02 
0.02 0.98 0.00 
0.53 0.47 0.01 
0.11 0.89 0.00 
1.00 0.00 0.00 
0.39 0.61 0.00 
0.90 0.10 0.00 
0.29 0.70 0.00 
0.38 0.62 0.00 
0.00 1.00 0.00 
0.11 0.88 0.01 
0.05 0.95 0.00 
0.09 0.90 0.01 
0.97 0.03 0.00 
0.96 0.04 0.00 
0.47 0.53 0.00 
0.01 0.00 0.99 
0.98 0.02 0.00 
0.56 0.34 0.10 
0.89 0.11 0.00 
0.05 0.95 0.00 
0.17 0.82 0.01 
0.01 0.02 0.96 
1.00 0.00 0.00 
0.06 0.94 0.00 
0.07 0.92 0.00 
0.95 0.05 0.00 
0.13 0.86 0.01 
0.02 0.00 0.98 
0.12 0.88 0.00 
0.53 0.42 0.05 
0.09 0.91 0.00 
0.02 0.97 0.00 
0.02 0.98 0.00 
1.00 0.00 0.00 
0.97 0.03 0.00 
0.42 0.58 0.00 
0.13 0.86 0.02 
0.67 0.30 0.02 
0.20 0.79 0.01 
0.07 0.93 0.00 
0.09 0.91 0.00 
0.23 0.74 0.03 
1.00 0.00 0.00 
0.07 0.93 0.00 
0.07 0.93 0.00 
0.67 0.31 0.01 
0.03 0.97 0.00 
0.55 0.44 0.00 
0.65 0.26 0.09 
0.12 0.87 0.01 
0.98 0.02 0.00 
0.30 0.70 0.00 
0.00 1.00 0.00 
1.00 0.00 0.00 
0.23 0.76 0.01 
0.96 0.04 0.00 
0.04 0.96 0.00 
0.09 0.91 0.00 
0.84 0.16 0.00 
0.07 0.93 0.00 
0.06 0.94 0.00 
1.00 0.00 0.00 
0.03 0.96 0.00 
0.20 0.79 0.02 
0.04 0.96 0.00 
0.13 0.87 0.00 
0.00 0.02 0.98 
0.06 0.94 0.00 
0.66 0.30 0.04 
0.89 0.11 0.00 
0.10 0.90 0.00 
0.11 0.89 0.00 
0.17 0.83 0.00 
0.04 0.95 0.00 
0.76 0.24 0.00 
0.25 0.74 0.02 
0.09 0.91 0.00 
0.03 0.97 0.00 
0.06 0.00 0.93 
0.01 0.01 0.98 
0.19 0.00 0.81 
0.02 0.98 0.00 
0.01 0.99 0.00 
0.43 0.57 0.00 
0.94 0.06 0.00 
0.08 0.92 0.00 
0.10 0.90 0.01 
0.34 0.65 0.00 
0.97 0.03 0.00 
0.79 0.21 0.00 
0.13 0.87 0.00 
1.00 0.00 0.00 
0.08 0.92 0.00 
0.17 0.82 0.01 
0.14 0.02 0.84 
0.87 0.13 0.00 
0.12 0.88 0.00 
0.98 0.02 0.00 
0.26 0.72 0.02 
0.98 0.02 0.00 
0.06 0.94 0.00 
0.90 0.10 0.00 
0.06 0.94 0.00 
0.96 0.04 0.00 
0.02 0.01 0.98 
0.90 0.10 0.00 
0.04 0.96 0.00 
0.94 0.06 0.00 
0.12 0.10 0.79 
0.06 0.94 0.00 
0.97 0.03 0.00 
0.13 0.87 0.00 
0.04 0.96 0.00 
1.00 0.00 0.00 
0.26 0.74 0.00 
0.60 0.40 0.00 
0.03 0.97 0.00 
0.54 0.31 0.15 
0.10 0.90 0.00 
0.08 0.92 0.00 
0.03 0.97 0.00 
0.13 0.86 0.00 
0.08 0.91 0.00 
0.88 0.12 0.00 
1.00 0.00 0.00 
0.31 0.68 0.01 
0.07 0.93 0.00 
0.13 0.86 0.00 
0.06 0.93 0.00 
1.00 0.00 0.00 
0.38 0.62 0.00 
0.90 0.10 0.00 
0.96 0.04 0.00 
1.00 0.00 0.00 
1.00 0.00 0.00 
0.34 0.66 0.00 
0.96 0.04 0.00 
0.03 0.96 0.00 
0.92 0.08 0.00 
1.00 0.00 0.00 
0.00 1.00 0.00 
0.45 0.55 0.01 
0.07 0.93 0.00 
0.97 0.03 0.00 
0.56 0.43 0.00 
0.05 0.95 0.00 
0.06 0.94 0.00 
0.08 0.92 0.00 
0.05 0.01 0.94 
0.69 0.31 0.00 
0.06 0.94 0.00 
0.13 0.86 0.00 
0.04 0.95 0.01 
0.97 0.03 0.00 
0.49 0.42 0.09 
0.98 0.02 0.00 
0.07 0.93 0.00 
0.11 0.89 0.00 
0.01 0.99 0.00 
0.60 0.40 0.00 
0.11 0.89 0.00 
0.06 0.94 0.00 
0.82 0.18 0.00 
0.02 0.98 0.00 
0.10 0.90 0.00 
0.01 0.99 0.00 
0.32 0.67 0.01 
0.03 0.00 0.97 
0.18 0.80 0.02 
0.99 0.01 0.00 
0.97 0.03 0.00 
0.03 0.97 0.00 
1.00 0.00 0.00 
1.00 0.00 0.00 
0.91 0.09 0.00 
0.11 0.88 0.01 
0.36 0.64 0.00 
0.08 0.92 0.00 
0.95 0.04 0.00 
0.10 0.90 0.00 
0.03 0.97 0.00 
0.21 0.79 0.00 
0.12 0.88 0.00 
0.15 0.85 0.00 
0.99 0.01 0.00 
0.81 0.19 0.00 
0.04 0.96 0.00 
0.07 0.93 0.00 
0.01 0.99 0.00 
0.97 0.02 0.01 
0.92 0.08 0.00 
0.02 0.98 0.00 
0.53 0.42 0.05 
0.19 0.81 0.00 
0.00 1.00 0.00 
0.98 0.02 0.00 
0.61 0.39 0.00 
0.56 0.40 0.03 
0.03 0.97 0.00 
0.52 0.48 0.00 
0.42 0.58 0.00 
0.30 0.70 0.00 
1.00 0.00 0.00 
0.01 0.99 0.00 
0.01 0.99 0.00 
0.86 0.14 0.00 
0.07 0.03 0.89 
0.39 0.59 0.02 
0.97 0.03 0.00 
0.16 0.82 0.01 
0.00 0.00 1.00 
0.98 0.00 0.02 
0.14 0.86 0.00 
0.22 0.78 0.00 
0.30 0.68 0.01 
0.98 0.02 0.00 
0.01 0.99 0.00 
0.97 0.03 0.00 
0.90 0.10 0.00 
0.07 0.93 0.00 
0.06 0.94 0.00 
0.05 0.95 0.00 
0.99 0.01 0.00 
0.05 0.95 0.00 
0.98 0.02 0.00 
0.79 0.21 0.00 
0.75 0.25 0.00 
0.09 0.91 0.00 
0.41 0.58 0.00 
0.79 0.21 0.00 
0.08 0.04 0.88 
0.12 0.88 0.00 
0.03 0.97 0.00 
0.16 0.83 0.01 
0.95 0.05 0.00 
0.22 0.77 0.01 
0.62 0.38 0.00 
0.29 0.71 0.00 
0.04 0.96 0.00 
0.02 0.98 0.00 
0.54 0.45 0.02 
0.07 0.93 0.00 
0.10 0.89 0.00 
0.13 0.87 0.00 
0.83 0.17 0.00 
0.00 1.00 0.00 
0.33 0.67 0.00 
0.11 0.89 0.00 
0.89 0.11 0.00 
0.99 0.01 0.00 
0.97 0.03 0.00 
0.04 0.95 0.01 
0.11 0.88 0.01 
0.18 0.82 0.01 
0.89 0.08 0.03 
0.16 0.83 0.01 
0.02 0.98 0.00 
0.08 0.92 0.00 
0.66 0.34 0.00 
0.13 0.86 0.01 
0.18 0.82 0.00 
0.04 0.96 0.00 
0.03 0.00 0.97 
0.91 0.09 0.00 
0.18 0.81 0.01 
0.31 0.69 0.01 
1.00 0.00 0.00 
0.03 0.97 0.00 
0.89 0.10 0.00 
0.66 0.34 0.00 
0.13 0.85 0.01 
0.02 0.00 0.98 
0.04 0.96 0.00 
0.02 0.98 0.00 
0.37 0.62 0.01 
0.05 0.95 0.00 
0.55 0.45 0.00 
0.03 0.96 0.00 
1.00 0.00 0.00 
0.99 0.01 0.00 
0.02 0.98 0.00 
0.96 0.04 0.00 
0.02 0.98 0.00 
0.96 0.04 0.00 
0.65 0.35 0.00 
0.04 0.96 0.00 
0.04 0.96 0.00 
0.97 0.03 0.00 
0.32 0.67 0.01 
0.00 0.00 1.00 
1.00 0.00 0.00 
0.99 0.01 0.00 
0.18 0.82 0.00 
0.03 0.97 0.00 
0.00 1.00 0.00 
0.07 0.92 0.00 
0.99 0.01 0.00 
0.15 0.85 0.00 
0.93 0.07 0.00 
0.18 0.81 0.01 
0.38 0.61 0.00 
0.01 0.00 0.99 
0.03 0.97 0.00 
0.02 0.97 0.00 
0.02 0.98 0.00 
1.00 0.00 0.00 
0.36 0.64 0.00 
0.28 0.72 0.00 
0.35 0.64 0.00 
0.35 0.64 0.02 
0.14 0.86 0.00 
0.73 0.27 0.00 
0.08 0.92 0.00 
1.00 0.00 0.00 
0.20 0.78 0.02 
0.45 0.55 0.00 
0.25 0.75 0.00 
0.03 0.97 0.00 
0.14 0.86 0.00 
0.03 0.01 0.95 
1.00 0.00 0.00 
0.10 0.90 0.00 
0.47 0.53 0.00 
0.96 0.04 0.00 
0.65 0.35 0.00 
0.25 0.17 0.58 
0.01 0.00 0.99 
0.71 0.26 0.03 
0.21 0.78 0.01 
0.06 0.94 0.00 
0.08 0.92 0.00 
0.13 0.11 0.76 
0.36 0.64 0.00 
0.01 0.00 0.99 
1.00 0.00 0.00 
0.01 0.00 0.99 
0.09 0.90 0.01 
0.04 0.95 0.01 
0.10 0.89 0.00 
0.25 0.74 0.02 
0.00 1.00 0.00 
0.00 0.00 0.99 
0.98 0.02 0.00 
0.76 0.23 0.00 
0.15 0.85 0.00 
0.91 0.09 0.00 
0.00 1.00 0.00 
0.14 0.86 0.00 
0.24 0.75 0.01 
0.02 0.98 0.00 
0.06 0.94 0.00 
0.10 0.90 0.00 
0.36 0.59 0.05 
0.02 0.98 0.00 
0.02 0.00 0.98 
0.06 0.03 0.91 
0.08 0.92 0.00 
0.80 0.20 0.00 
1.00 0.00 0.00 
1.00 0.00 0.00 
0.85 0.15 0.00 
0.51 0.48 0.01 
0.11 0.88 0.00 
0.97 0.03 0.00 
0.16 0.80 0.03 
0.11 0.89 0.00 
0.94 0.06 0.00 
0.94 0.06 0.00 
0.26 0.73 0.00 
0.28 0.72 0.00 
0.01 0.99 0.00 
0.00 0.00 1.00 
0.96 0.04 0.00 
1.00 0.00 0.00 
0.00 0.00 0.99 
0.06 0.94 0.00 
0.97 0.03 0.00 
0.73 0.26 0.00 
0.12 0.88 0.00 
0.21 0.78 0.01 
1.00 0.00 0.00 
0.00 0.00 1.00 
0.09 0.91 0.01 
0.16 0.84 0.00 
0.20 0.80 0.00 
0.22 0.75 0.03 
0.98 0.02 0.00 
0.03 0.97 0.00 
0.23 0.75 0.02 
0.05 0.95 0.00 
0.06 0.94 0.00 
0.07 0.01 0.92 
0.99 0.01 0.00 
1.00 0.00 0.00 
0.03 0.97 0.00 
1.00 0.00 0.00 
0.02 0.98 0.00 
0.17 0.82 0.00 
0.14 0.86 0.00 
1.00 0.00 0.00 
1.00 0.00 0.00 
0.16 0.83 0.00 
0.13 0.87 0.00 
0.80 0.20 0.00 
0.96 0.04 0.00 
0.17 0.83 0.00 
1.00 0.00 0.00 
0.93 0.07 0.00 
0.53 0.47 0.00 
0.98 0.02 0.00 
0.50 0.49 0.01 
0.12 0.00 0.87 
0.08 0.92 0.00 
0.09 0.90 0.00 
0.08 0.92 0.00 
0.69 0.31 0.00 
0.02 0.98 0.00 
0.29 0.71 0.00 
0.14 0.85 0.00 
0.11 0.88 0.01 
0.01 0.01 0.99 
0.18 0.82 0.01 
0.08 0.01 0.91 
0.15 0.85 0.00 
0.01 0.99 0.00 
0.85 0.15 0.00 
0.10 0.89 0.01 
0.00 0.00 1.00 
0.18 0.81 0.00 
1.00 0.00 0.00 
0.85 0.15 0.00 
0.16 0.83 0.00 
0.04 0.00 0.95 
0.24 0.75 0.01 
0.10 0.90 0.00 
0.15 0.85 0.00 
0.05 0.95 0.00 
0.94 0.06 0.00 
0.57 0.43 0.00 
0.05 0.95 0.00 
0.14 0.85 0.01 
0.03 0.96 0.00 
0.63 0.37 0.00 
0.57 0.43 0.00 
0.94 0.06 0.00 
0.09 0.90 0.00 
0.08 0.78 0.15 
0.62 0.37 0.01 
0.04 0.96 0.00 
0.15 0.84 0.00 
0.03 0.97 0.00 
0.00 1.00 0.00 
0.97 0.03 0.00 
1.00 0.00 0.00 
0.12 0.88 0.00 
0.60 0.40 0.00 
1.00 0.00 0.00 
0.91 0.09 0.00 
1.00 0.00 0.00 
0.27 0.73 0.00 
0.98 0.02 0.00 
0.20 0.80 0.00 
0.08 0.92 0.00 
1.00 0.00 0.00 
0.98 0.02 0.00 
0.45 0.00 0.55 
0.08 0.92 0.00 
0.96 0.04 0.00 
0.03 0.97 0.00 
0.98 0.02 0.00 
0.00 1.00 0.00 
0.07 0.92 0.00 
0.18 0.82 0.00 
0.06 0.94 0.00 
0.75 0.24 0.01 
0.33 0.67 0.01 
1.00 0.00 0.00 
0.14 0.86 0.01 
0.11 0.88 0.00 
0.04 0.96 0.00 
0.04 0.96 0.00 
0.43 0.57 0.00 
0.12 0.88 0.00 
0.16 0.84 0.01 
0.63 0.00 0.37 
0.09 0.91 0.00 
0.12 0.87 0.00 
0.91 0.09 0.00 
0.12 0.87 0.00 
0.74 0.26 0.00 
0.99 0.01 0.00 
0.03 0.97 0.00 
0.32 0.67 0.00 
0.06 0.94 0.00 
0.08 0.91 0.00 
0.97 0.03 0.00 
0.95 0.05 0.00 
0.25 0.75 0.00 
0.14 0.85 0.01 
0.85 0.15 0.00 
0.69 0.30 0.01 
0.01 0.99 0.00 
0.09 0.91 0.00 
0.01 0.99 0.00 
0.09 0.90 0.00 
0.43 0.57 0.00 
0.91 0.09 0.00 
0.61 0.37 0.02 
0.13 0.10 0.76 
0.95 0.05 0.00 
0.12 0.88 0.00 
0.00 1.00 0.00 
0.12 0.87 0.00 
0.61 0.39 0.00 
0.03 0.00 0.97 
0.10 0.90 0.00 
1.00 0.00 0.00 
0.01 0.00 0.99 
0.84 0.16 0.00 
0.57 0.41 0.02 
0.23 0.76 0.00 
0.10 0.89 0.01 
0.01 0.99 0.00 
0.14 0.85 0.00 
0.04 0.95 0.01 
0.10 0.89 0.01 
0.92 0.08 0.00 
0.87 0.13 0.00 
0.12 0.87 0.00 
0.61 0.38 0.01 
0.16 0.83 0.00 
0.98 0.02 0.00 
0.59 0.40 0.00 
0.68 0.32 0.00 
0.12 0.87 0.00 
0.06 0.93 0.00 
0.17 0.83 0.00 
1.00 0.00 0.00 
1.00 0.00 0.00 
0.95 0.05 0.00 
0.51 0.43 0.05 
1.00 0.00 0.00 
0.09 0.91 0.00 
0.08 0.91 0.01 
0.08 0.92 0.00 
0.01 0.99 0.00 
0.81 0.19 0.00 
0.21 0.78 0.01 
0.16 0.83 0.00 
0.98 0.02 0.00 
0.15 0.85 0.00 
0.07 0.93 0.00 
0.22 0.77 0.01 
0.28 0.71 0.01 
0.51 0.49 0.00 
0.00 1.00 0.00 
0.36 0.63 0.01 
0.99 0.01 0.00 
0.02 0.98 0.00 
0.79 0.15 0.06 
0.98 0.02 0.00 
0.09 0.90 0.01 
1.00 0.00 0.00 
0.81 0.18 0.00 
0.46 0.50 0.04 
0.92 0.08 0.00 
0.08 0.91 0.01 
0.66 0.34 0.00 
0.19 0.81 0.00 
0.58 0.42 0.00 
0.92 0.08 0.00 
0.79 0.21 0.00 
0.17 0.83 0.00 
0.92 0.08 0.00 
0.09 0.91 0.00 
1.00 0.00 0.00 
1.00 0.00 0.00 
0.13 0.87 0.00 
0.26 0.02 0.72 
0.10 0.90 0.00 
0.02 0.98 0.00 
0.90 0.10 0.01 
0.09 0.90 0.01 
0.05 0.94 0.01 
0.03 0.97 0.00 
1.00 0.00 0.00 
0.06 0.94 0.00 
0.26 0.73 0.01 
0.66 0.32 0.02 
0.16 0.82 0.02 
0.06 0.94 0.00 
0.11 0.89 0.00 
0.94 0.06 0.00 
1.00 0.00 0.00 
0.06 0.94 0.00 
0.06 0.09 0.85 
0.67 0.31 0.01 
0.01 0.99 0.00 
0.02 0.01 0.97 
0.12 0.87 0.02 
0.12 0.87 0.01 
0.88 0.12 0.00 
0.01 0.99 0.00 
0.02 0.98 0.00 
0.03 0.97 0.00 
1.00 0.00 0.00 
0.00 1.00 0.00 
0.03 0.97 0.00 
0.05 0.95 0.00 
0.09 0.91 0.00 
0.08 0.91 0.00 
0.92 0.08 0.01 
0.12 0.88 0.01 
0.76 0.24 0.00 
0.55 0.45 0.00 
0.12 0.00 0.88 
1.00 0.00 0.00 
1.00 0.00 0.00 
0.98 0.02 0.00 
0.79 0.21 0.00 
0.90 0.10 0.00 
1.00 0.00 0.00 
0.03 0.97 0.00 
0.11 0.89 0.00 
0.04 0.96 0.00 
0.03 0.97 0.00 
1.00 0.00 0.00 
0.63 0.36 0.00 
0.06 0.94 0.00 
0.13 0.87 0.00 
0.94 0.06 0.00 
1.00 0.00 0.00 
0.88 0.12 0.00 
0.48 0.52 0.00 
0.02 0.00 0.97 
0.23 0.76 0.00 
0.01 0.99 0.00 
0.01 0.99 0.00 
0.69 0.24 0.06 
0.41 0.58 0.01 
0.01 0.99 0.00 
0.11 0.89 0.00 
0.47 0.52 0.02 
0.01 0.99 0.00 
0.07 0.07 0.86 
0.64 0.28 0.08 
0.99 0.01 0.00 
0.06 0.94 0.00 
0.00 1.00 0.00 
0.99 0.01 0.00 
0.02 0.98 0.00 
0.03 0.97 0.00 
1.00 0.00 0.00 
0.70 0.25 0.05 
0.03 0.97 0.00 
0.07 0.93 0.00 
0.17 0.06 0.77 
0.87 0.13 0.00 
0.04 0.95 0.00 
0.70 0.30 0.00 
0.00 0.00 1.00 
0.14 0.85 0.01 
0.28 0.72 0.00 
0.01 0.00 0.99 
0.14 0.85 0.01 
0.57 0.36 0.07 
1.00 0.00 0.00 
0.14 0.86 0.00 
0.02 0.98 0.00 
0.02 0.00 0.98 
0.47 0.52 0.01 
0.14 0.86 0.00 
0.21 0.78 0.01 
0.06 0.94 0.00 
1.00 0.00 0.00 
0.93 0.07 0.00 
0.26 0.74 0.00 
0.04 0.96 0.00 
0.06 0.94 0.00 
0.14 0.85 0.00 
1.00 0.00 0.00 
0.03 0.97 0.00 
0.07 0.93 0.00 
0.98 0.02 0.00 
0.02 0.98 0.00 
0.20 0.80 0.00 
1.00 0.00 0.00 
0.01 0.98 0.00 
0.17 0.82 0.00 
0.01 0.99 0.00 
0.90 0.09 0.00 
0.73 0.04 0.23 
1.00 0.00 0.00 
0.10 0.90 0.00 
0.10 0.90 0.00 
0.99 0.01 0.00 
0.14 0.85 0.01 
0.11 0.89 0.00 
0.07 0.93 0.00 
0.03 0.97 0.00 
0.87 0.13 0.00 
0.07 0.93 0.00 
0.55 0.44 0.01 
0.00 1.00 0.00 
0.13 0.86 0.01 
1.00 0.00 0.00 
0.95 0.05 0.00 
0.07 0.93 0.00 
0.74 0.18 0.09 
0.11 0.89 0.00 
1.00 0.00 0.00 
0.12 0.11 0.77 
0.11 0.87 0.01 
0.31 0.69 0.00 
0.06 0.93 0.00 
0.03 0.97 0.00 
0.82 0.18 0.00 
0.16 0.83 0.00 
0.03 0.97 0.00 
0.14 0.86 0.00 
0.13 0.85 0.02 
0.09 0.91 0.00 
0.54 0.46 0.00 
0.93 0.07 0.00 
0.10 0.89 0.01 
0.98 0.01 0.00 
0.12 0.88 0.00 
0.10 0.89 0.00 
0.96 0.04 0.00 
0.02 0.00 0.98 
0.93 0.07 0.00 
0.13 0.86 0.01 
0.07 0.93 0.00 
0.13 0.86 0.01 
0.01 0.00 0.99 
1.00 0.00 0.00 
0.01 0.00 0.99 
0.05 0.94 0.00 
0.02 0.98 0.00 
1.00 0.00 0.00 
0.10 0.89 0.00 
0.24 0.76 0.01 
1.00 0.00 0.00 
0.43 0.56 0.00 
0.28 0.70 0.02 
0.09 0.91 0.00 
0.27 0.69 0.03 
0.39 0.60 0.01 
0.19 0.80 0.01 
0.02 0.98 0.00 
0.95 0.05 0.00 
0.37 0.60 0.02 
0.78 0.22 0.00 
0.93 0.07 0.00 
1.00 0.00 0.00 
0.01 0.99 0.00 
0.19 0.81 0.00 
0.25 0.73 0.02 
0.07 0.92 0.00 
0.11 0.89 0.00 
0.89 0.11 0.00 
0.11 0.89 0.00 
0.15 0.03 0.82 
0.12 0.07 0.81 
0.11 0.12 0.78 
0.21 0.78 0.01 
0.96 0.04 0.00 
0.99 0.01 0.00 
0.95 0.05 0.00 
0.52 0.48 0.00 
0.02 0.98 0.00 
0.10 0.90 0.00 
0.09 0.91 0.00 
0.14 0.86 0.00 
0.07 0.93 0.00 
0.02 0.00 0.98 
0.02 0.05 0.93 
0.02 0.98 0.00 
0.37 0.63 0.00 
0.92 0.08 0.00 
0.50 0.50 0.00 
0.87 0.13 0.00 
0.71 0.29 0.00 
0.57 0.42 0.01 
0.08 0.92 0.00 
0.47 0.53 0.00 
0.31 0.69 0.00 
1.00 0.00 0.00 
0.20 0.80 0.01 
0.11 0.89 0.00 
0.92 0.08 0.00 
0.02 0.00 0.98 
0.95 0.05 0.00 
0.96 0.04 0.00 
0.02 0.97 0.00 
0.05 0.00 0.95 
0.03 0.97 0.00 
0.08 0.25 0.67 
0.01 0.99 0.00 
0.92 0.08 0.00 
0.04 0.01 0.94 
0.04 0.96 0.00 
0.16 0.84 0.00 
0.22 0.24 0.54 
0.19 0.80 0.01 
0.62 0.34 0.03 
0.01 0.00 0.99 
0.84 0.01 0.15 
0.87 0.13 0.00 
0.99 0.01 0.00 
0.11 0.87 0.03 
0.45 0.55 0.00 
0.17 0.79 0.04 
0.14 0.86 0.01 
0.68 0.30 0.02 
0.07 0.93 0.00 
0.69 0.30 0.02 
0.09 0.91 0.00 
0.62 0.38 0.00 
0.73 0.23 0.03 
0.11 0.89 0.00 
0.02 0.98 0.00 
0.20 0.79 0.02 
0.64 0.03 0.34 
0.13 0.87 0.00 
0.06 0.94 0.00 
0.07 0.93 0.00 
0.00 0.00 0.99 
0.15 0.85 0.00 
0.67 0.32 0.00 
0.99 0.01 0.00 
0.00 1.00 0.00 
0.11 0.89 0.00 
0.47 0.51 0.02 
0.02 0.02 0.96 
0.07 0.92 0.00 
0.01 0.99 0.00 
0.12 0.86 0.02 
0.09 0.90 0.00 
0.94 0.06 0.00 
0.02 0.98 0.00 
0.11 0.88 0.01 
0.07 0.93 0.00 
0.91 0.09 0.00 
0.13 0.87 0.00 
0.09 0.91 0.00 
0.13 0.86 0.00 
0.98 0.02 0.00 
0.02 0.98 0.00 
0.07 0.18 0.75 
0.08 0.92 0.00 
0.78 0.22 0.00 
0.87 0.13 0.00 
0.03 0.00 0.97 
0.05 0.95 0.00 
0.07 0.93 0.00 
0.40 0.60 0.00 
0.10 0.90 0.00 
0.77 0.23 0.00 
0.24 0.75 0.00 
0.11 0.89 0.00 
0.04 0.01 0.94 
0.99 0.01 0.00 
0.09 0.90 0.01 
0.16 0.83 0.01 
0.05 0.95 0.00 
0.06 0.94 0.00 
0.02 0.00 0.98 
0.08 0.91 0.00 
0.13 0.87 0.00 
0.09 0.91 0.00 
0.95 0.05 0.00 
0.97 0.03 0.00 
0.73 0.25 0.01 
0.89 0.01 0.10 
0.41 0.52 0.07 
0.02 0.98 0.00 
0.11 0.89 0.00 
0.05 0.02 0.93 
0.91 0.09 0.00 
0.06 0.94 0.00 
0.02 0.98 0.00 
1.00 0.00 0.00 
0.99 0.01 0.00 
0.03 0.97 0.00 
0.07 0.92 0.00 
0.12 0.87 0.00 
0.22 0.78 0.00 
0.95 0.05 0.00 
0.18 0.12 0.70 
0.99 0.01 0.00 
0.03 0.96 0.00 
0.07 0.92 0.01 
0.06 0.93 0.00 
0.20 0.78 0.02 
0.01 0.00 0.99 
0.22 0.75 0.03 
0.07 0.92 0.01 
0.00 1.00 0.00 
0.06 0.94 0.00 
0.07 0.93 0.00 
0.72 0.26 0.02 
0.03 0.97 0.00 
0.99 0.01 0.00 
0.78 0.20 0.01 
0.67 0.30 0.03 
0.36 0.64 0.00 
0.04 0.96 0.00 
1.00 0.00 0.00 
0.13 0.87 0.00 
0.02 0.03 0.95 
0.94 0.06 0.00 
0.99 0.01 0.00 
0.91 0.09 0.00 
0.49 0.49 0.02 
0.76 0.24 0.00 
0.08 0.92 0.00 
0.16 0.84 0.00 
0.04 0.01 0.95 
0.03 0.96 0.00 
1.00 0.00 0.00 
0.20 0.79 0.01 
0.99 0.01 0.00 
1.00 0.00 0.00 
0.04 0.96 0.00 
0.96 0.04 0.00 
0.18 0.80 0.02 
0.02 0.98 0.00 
0.13 0.87 0.01 
0.71 0.29 0.00 
0.33 0.03 0.64 
1.00 0.00 0.00 
0.94 0.06 0.00 
0.15 0.83 0.02 
0.18 0.80 0.02 
0.03 0.97 0.00 
0.11 0.88 0.00 
0.05 0.95 0.00 
0.12 0.88 0.00 
0.06 0.94 0.00 
0.08 0.92 0.00 
0.16 0.84 0.00 
0.12 0.88 0.00 
0.90 0.10 0.00 
0.01 0.00 0.99 
0.09 0.91 0.01 
0.12 0.12 0.76 
0.90 0.10 0.00 
1.00 0.00 0.00 
1.00 0.00 0.00 
0.01 0.99 0.00 
0.73 0.27 0.00 
0.09 0.91 0.00 
0.11 0.89 0.00 
0.21 0.76 0.03 
0.10 0.90 0.00 
0.06 0.94 0.00 
0.05 0.01 0.94 
0.25 0.74 0.00 
0.14 0.86 0.00 
0.15 0.84 0.00 
0.01 0.99 0.00 
0.85 0.15 0.00 
1.00 0.00 0.00 
0.07 0.93 0.00 
0.14 0.01 0.85 
0.90 0.08 0.01 
0.21 0.76 0.03 
0.06 0.94 0.00 
0.03 0.00 0.97 
0.09 0.90 0.01 
0.88 0.12 0.00 
1.00 0.00 0.00 
0.02 0.98 0.00 
0.66 0.34 0.00 
1.00 0.00 0.00 
0.01 0.00 0.99 
0.18 0.82 0.00 
0.10 0.90 0.00 
0.11 0.89 0.00 
0.27 0.71 0.02 
0.04 0.96 0.00 
1.00 0.00 0.00 
0.65 0.35 0.00 
0.04 0.96 0.00 
0.08 0.92 0.00 
0.11 0.88 0.00 
0.91 0.09 0.00 
0.09 0.91 0.00 
0.05 0.95 0.00 
0.12 0.88 0.00 
0.56 0.33 0.11 
0.93 0.06 0.00 
0.78 0.06 0.15 
0.16 0.83 0.01 
1.00 0.00 0.00 
0.06 0.94 0.00 
0.12 0.87 0.00 
0.46 0.54 0.00 
0.11 0.89 0.00 
0.89 0.11 0.00 
0.13 0.87 0.00 
0.12 0.87 0.01 
0.95 0.05 0.00 
0.71 0.27 0.02 
0.11 0.89 0.00 
0.12 0.88 0.00 
0.11 0.89 0.00 
0.05 0.95 0.00 
0.65 0.28 0.08 
0.94 0.06 0.00 
0.96 0.04 0.00 
0.02 0.00 0.98 
0.03 0.97 0.00 
0.10 0.10 0.80 
0.18 0.82 0.00 
0.97 0.02 0.00 
0.00 0.00 1.00 
0.56 0.43 0.01 
0.01 0.99 0.00 
1.00 0.00 0.00 
0.20 0.79 0.01 
0.77 0.21 0.02 
0.03 0.97 0.00 
0.02 0.98 0.00 
1.00 0.00 0.00 
0.92 0.08 0.00 
0.53 0.47 0.00 
1.00 0.00 0.00 
0.94 0.06 0.00 
0.62 0.03 0.35 
0.54 0.46 0.00 
0.17 0.82 0.00 
1.00 0.00 0.00 
0.97 0.03 0.00 
0.10 0.03 0.87 
0.94 0.06 0.00 
0.01 0.99 0.00 
0.13 0.08 0.79 
0.14 0.01 0.84 
0.00 1.00 0.00 
0.20 0.80 0.00 
0.17 0.81 0.02 
0.02 0.98 0.00 
0.16 0.84 0.00 
0.43 0.25 0.32 
0.06 0.93 0.00 
0.02 0.00 0.97 
0.39 0.00 0.61 
0.03 0.97 0.00 
0.96 0.04 0.00 
0.04 0.96 0.00 
0.15 0.85 0.00 
0.00 1.00 0.00 
0.47 0.52 0.01 
0.04 0.96 0.00 
0.01 0.99 0.00 
0.98 0.02 0.00 
0.09 0.90 0.01 
0.99 0.01 0.00 
0.10 0.90 0.00 
0.35 0.24 0.41 
1.00 0.00 0.00 
1.00 0.00 0.00 
0.39 0.61 0.00 
1.00 0.00 0.00 
0.12 0.87 0.00 
0.87 0.13 0.00 
0.10 0.90 0.00 
0.00 0.00 1.00 
0.91 0.09 0.00 
0.06 0.94 0.00 
0.10 0.90 0.00 
0.82 0.18 0.00 
0.11 0.88 0.01 
0.03 0.96 0.00 
0.84 0.16 0.00 
0.04 0.96 0.00 
0.03 0.97 0.00 
0.67 0.31 0.02 
0.59 0.39 0.02 
0.14 0.86 0.01 
0.05 0.95 0.00 
0.51 0.49 0.00 
0.44 0.52 0.04 
0.13 0.86 0.00 
0.06 0.94 0.00 
0.11 0.87 0.01 
0.95 0.05 0.00 
0.77 0.23 0.00 
0.69 0.28 0.02 
1.00 0.00 0.00 
0.07 0.93 0.00 
0.25 0.75 0.00 
0.02 0.98 0.00 
0.88 0.12 0.00 
0.99 0.00 0.01 
0.12 0.01 0.88 
0.00 0.00 1.00 
0.02 0.98 0.00 
0.13 0.87 0.01 
0.43 0.35 0.22 
0.12 0.01 0.87 
0.41 0.59 0.00 
0.61 0.39 0.00 
0.88 0.12 0.00 
0.11 0.88 0.01 
0.08 0.92 0.00 
0.23 0.77 0.00 
0.88 0.12 0.00 
0.90 0.10 0.00 
0.15 0.82 0.03 
0.33 0.67 0.00 
1.00 0.00 0.00 
0.08 0.92 0.00 
0.24 0.76 0.01 
0.10 0.89 0.01 
0.73 0.16 0.10 
0.96 0.04 0.00 
0.27 0.73 0.01 
0.39 0.61 0.00 
0.14 0.18 0.68 
0.98 0.02 0.00 
1.00 0.00 0.00 
0.97 0.03 0.00 
0.06 0.94 0.00 
0.09 0.90 0.02 
0.00 0.00 1.00 
0.95 0.05 0.00 
0.39 0.61 0.00 
0.87 0.12 0.00 
0.55 0.44 0.01 
0.07 0.93 0.00 
1.00 0.00 0.00 
0.12 0.88 0.00 
0.01 0.99 0.00 
0.86 0.12 0.02 
0.88 0.12 0.00 
0.89 0.11 0.00 
0.00 1.00 0.00 
0.97 0.03 0.00 
0.34 0.16 0.50 
0.91 0.09 0.00 
0.72 0.27 0.02 
0.91 0.09 0.00 
0.01 0.99 0.00 
0.46 0.54 0.00 
0.02 0.01 0.97 
0.04 0.96 0.00 
0.79 0.16 0.05 
0.01 0.99 0.00 
0.55 0.11 0.34 
0.97 0.03 0.00 
0.64 0.23 0.13 
0.10 0.90 0.00 
0.95 0.05 0.00 
1.00 0.00 0.00 
0.97 0.00 0.03 
1.00 0.00 0.00 
0.11 0.89 0.00 
0.12 0.87 0.00 
0.02 0.98 0.00 
0.02 0.00 0.98 
0.63 0.37 0.00 
0.65 0.23 0.12 
0.64 0.36 0.00 
0.02 0.98 0.00 
0.96 0.04 0.00 
0.96 0.04 0.00 
0.03 0.07 0.90 
0.01 0.99 0.00 
0.96 0.04 0.00 
0.07 0.93 0.00 
0.13 0.87 0.00 
0.09 0.91 0.00 
0.13 0.86 0.01 
0.80 0.20 0.00 
0.95 0.05 0.00 
0.09 0.90 0.01 
0.98 0.02 0.00 
0.03 0.97 0.00 
0.23 0.77 0.00 
0.18 0.81 0.02 
0.20 0.80 0.00 
0.69 0.29 0.02 
0.04 0.95 0.00 
0.00 1.00 0.00 
0.13 0.86 0.00 
0.99 0.01 0.00 
0.10 0.90 0.00 
0.07 0.93 0.00 
0.96 0.04 0.00 
1.00 0.00 0.00 
0.05 0.01 0.94 
0.02 0.98 0.00 
0.96 0.04 0.00 
0.59 0.41 0.00 
0.96 0.04 0.00 
0.04 0.96 0.00 
0.23 0.75 0.02 
0.95 0.05 0.00 
1.00 0.00 0.00 
0.12 0.87 0.00 
0.10 0.90 0.00 
0.02 0.02 0.96 
0.05 0.07 0.88 
0.10 0.90 0.00 
0.35 0.00 0.64 
0.88 0.12 0.00 
0.06 0.93 0.00 
0.94 0.06 0.00 
1.00 0.00 0.00 
0.04 0.01 0.95 
1.00 0.00 0.00 
0.14 0.85 0.01 
0.12 0.09 0.79 
0.13 0.87 0.01 
0.06 0.94 0.01 
0.08 0.02 0.90 
0.54 0.44 0.02 
0.11 0.87 0.03 
0.03 0.97 0.00 
0.36 0.64 0.00 
0.95 0.05 0.00 
0.03 0.97 0.00 
0.01 0.99 0.00 
0.07 0.92 0.01 
1.00 0.00 0.00 
0.19 0.80 0.01 
0.00 1.00 0.00 
0.95 0.05 0.00 
0.17 0.83 0.00 
0.07 0.07 0.86 
0.69 0.31 0.00 
0.06 0.94 0.00 
0.03 0.97 0.00 
0.88 0.00 0.12 
0.98 0.02 0.00 
0.09 0.91 0.00 
0.92 0.08 0.00 
0.04 0.96 0.00 
0.35 0.65 0.00 
0.13 0.86 0.01 
0.01 0.99 0.00 
0.09 0.90 0.00 
0.03 0.97 0.00 
0.51 0.49 0.00 
0.11 0.35 0.55 
0.68 0.32 0.00 
0.05 0.95 0.00 
1.00 0.00 0.00 
0.03 0.97 0.00 
0.21 0.76 0.03 
0.05 0.95 0.00 
0.89 0.11 0.00 
0.01 0.99 0.00 
0.66 0.22 0.12 
0.68 0.31 0.01 
0.36 0.64 0.00 
0.84 0.16 0.00 
0.23 0.76 0.00 
0.24 0.74 0.02 
0.15 0.85 0.00 
0.04 0.96 0.00 
1.00 0.00 0.00 
0.07 0.93 0.00 
0.05 0.06 0.89 
1.00 0.00 0.00 
0.88 0.11 0.01 
1.00 0.00 0.00 
1.00 0.00 0.00 
0.64 0.03 0.33 
0.04 0.96 0.00 
0.13 0.87 0.00 
0.16 0.82 0.03 
0.06 0.94 0.00 
0.73 0.26 0.02 
0.02 0.01 0.98 
0.01 0.99 0.00 
0.42 0.58 0.00 
0.04 0.96 0.00 
0.02 0.98 0.00 
0.19 0.80 0.00 
0.20 0.79 0.01 
0.98 0.02 0.00 
0.05 0.95 0.00 
0.08 0.91 0.00 
0.16 0.84 0.00 
0.69 0.30 0.02 
0.00 0.00 0.99 
0.94 0.06 0.00 
0.09 0.01 0.90 
1.00 0.00 0.00 
0.06 0.94 0.00 
0.15 0.85 0.00 
0.13 0.87 0.01 
0.85 0.15 0.00 
0.98 0.02 0.00 
0.09 0.89 0.01 
0.02 0.98 0.00 
0.01 0.99 0.00 
0.00 0.00 1.00 
0.97 0.03 0.00 
0.03 0.97 0.00 
0.01 0.03 0.96 
0.01 0.00 0.99 
0.59 0.35 0.06 
0.68 0.32 0.00 
0.06 0.93 0.01 
1.00 0.00 0.00 
1.00 0.00 0.00 
0.34 0.00 0.65 
1.00 0.00 0.00 
0.27 0.72 0.01 
0.10 0.89 0.01 
0.94 0.06 0.00 
0.13 0.87 0.00 
0.13 0.87 0.00 
1.00 0.00 0.00 
0.03 0.97 0.00 
0.86 0.14 0.00 
1.00 0.00 0.00 
0.21 0.79 0.00 
0.11 0.89 0.00 
0.98 0.02 0.00 
0.01 0.99 0.00 
1.00 0.00 0.00 
0.02 0.98 0.00 
0.95 0.05 0.00 
0.05 0.95 0.00 
0.59 0.38 0.03 
0.73 0.26 0.00 
0.91 0.09 0.00 
0.04 0.96 0.00 
1.00 0.00 0.00 
0.18 0.81 0.01 
0.99 0.00 0.01 
0.03 0.97 0.00 
0.06 0.94 0.00 
0.03 0.97 0.00 
0.13 0.87 0.00 
0.09 0.90 0.00 
1.00 0.00 0.00 
0.13 0.87 0.00 
0.17 0.83 0.00 
0.25 0.01 0.74 
0.43 0.57 0.01 
1.00 0.00 0.00 
0.96 0.04 0.00 
0.07 0.93 0.00 
0.01 0.99 0.00 
0.02 0.01 0.97 
1.00 0.00 0.00 
0.11 0.89 0.00 
0.02 0.02 0.97 
1.00 0.00 0.00 
0.69 0.26 0.05 
1.00 0.00 0.00 
0.09 0.91 0.00 
0.02 0.98 0.00 
0.02 0.00 0.98 
0.09 0.91 0.00 
0.14 0.85 0.01 
0.92 0.08 0.00 
0.03 0.97 0.00 
0.00 1.00 0.00 
0.32 0.68 0.00 
0.08 0.92 0.00 
0.95 0.03 0.01 
0.12 0.86 0.02 
0.11 0.07 0.82 
0.98 0.02 0.00 
0.73 0.25 0.01 
0.74 0.25 0.01 
0.70 0.28 0.02 
0.31 0.69 0.00 
0.12 0.88 0.01 
0.56 0.44 0.00 
0.96 0.04 0.00 
0.10 0.90 0.00 
0.09 0.27 0.64 
0.25 0.02 0.73 
0.08 0.92 0.00 
0.03 0.97 0.00 
0.03 0.97 0.00 
0.05 0.95 0.00 
0.02 0.98 0.00 
0.16 0.84 0.00 
0.68 0.32 0.00 
0.11 0.88 0.01 
0.97 0.03 0.00 
0.16 0.84 0.00 
0.09 0.04 0.87 
0.11 0.12 0.77 
1.00 0.00 0.00 
0.94 0.06 0.00 
0.51 0.40 0.10 
0.08 0.11 0.81 
0.68 0.31 0.01 
0.92 0.08 0.00 
0.56 0.41 0.03 
0.03 0.01 0.96 
0.11 0.89 0.00 
0.00 1.00 0.00 
0.07 0.09 0.83 
0.13 0.87 0.01 
0.93 0.07 0.00 
0.04 0.96 0.00 
0.09 0.91 0.00 
0.01 0.99 0.00 
0.98 0.02 0.00 
0.03 0.97 0.00 
0.02 0.98 0.00 
0.98 0.02 0.00 
0.08 0.15 0.78 
0.01 0.00 0.99 
0.03 0.97 0.00 
1.00 0.00 0.00 
0.00 0.00 1.00 
0.27 0.71 0.01 
0.01 0.99 0.00 
0.83 0.17 0.00 
0.97 0.03 0.00 
0.13 0.87 0.00 
0.23 0.77 0.00 
0.84 0.15 0.01 
0.24 0.76 0.00 
0.06 0.94 0.00 
0.02 0.98 0.00 
0.05 0.95 0.00 
1.00 0.00 0.00 
0.12 0.33 0.55 
0.10 0.90 0.00 
0.06 0.94 0.00 
0.09 0.91 0.00 
0.05 0.01 0.94 
0.64 0.36 0.00 
0.13 0.86 0.01 
0.06 0.94 0.00 
0.14 0.31 0.55 
0.12 0.88 0.00 
0.65 0.29 0.06 
0.19 0.81 0.00 
0.00 1.00 0.00 
0.01 0.99 0.00 
0.98 0.02 0.00 
1.00 0.00 0.00 
0.19 0.81 0.00 
0.02 0.00 0.98 
0.09 0.91 0.00 
0.55 0.45 0.00 
0.95 0.05 0.00 
0.00 0.00 1.00 
0.14 0.86 0.00 
0.99 0.01 0.00 
0.07 0.93 0.00 
0.01 0.99 0.00 
0.97 0.03 0.00 
0.86 0.13 0.00 
0.04 0.96 0.00 
0.21 0.78 0.00 
0.81 0.19 0.00 
0.68 0.32 0.00 
0.86 0.14 0.00 
0.11 0.89 0.00 
0.95 0.05 0.00 
0.14 0.86 0.01 
0.49 0.45 0.06 
0.09 0.91 0.00 
0.04 0.96 0.00 
0.09 0.90 0.01 
0.84 0.16 0.00 
0.08 0.92 0.00 
1.00 0.00 0.00 
0.15 0.85 0.00 
0.98 0.02 0.00 
1.00 0.00 0.00 
0.86 0.14 0.00 
0.07 0.93 0.00 
0.12 0.88 0.00 
0.52 0.48 0.01 
0.99 0.01 0.00 
0.97 0.03 0.00 
0.02 0.02 0.97 
0.14 0.86 0.00 
0.01 0.99 0.00 
1.00 0.00 0.00 
0.10 0.90 0.00 
0.06 0.94 0.00 
0.97 0.03 0.00 
0.23 0.75 0.02 
0.07 0.93 0.00 
1.00 0.00 0.00 
0.09 0.91 0.00 
0.74 0.24 0.02 
0.04 0.96 0.00 
0.04 0.96 0.00 
0.07 0.92 0.00 
0.05 0.95 0.00 
0.01 0.99 0.00 
0.06 0.94 0.00 
0.05 0.94 0.00 
0.08 0.92 0.00 
0.93 0.07 0.00 
0.02 0.98 0.00 
0.79 0.21 0.00 
0.02 0.98 0.00 
0.28 0.72 0.00 
0.34 0.65 0.01 
0.02 0.98 0.00 
0.04 0.96 0.00 
0.01 0.99 0.00 
0.79 0.21 0.00 
0.01 0.07 0.91 
0.24 0.76 0.00 
0.07 0.93 0.00 
0.10 0.00 0.90 
0.26 0.01 0.73 
0.64 0.36 0.00 
0.42 0.55 0.03 
0.14 0.86 0.00 
0.24 0.75 0.01 
0.05 0.01 0.94 
0.83 0.17 0.01 
0.15 0.85 0.01 
0.38 0.62 0.00 
0.60 0.40 0.00 
0.63 0.00 0.37 
0.03 0.97 0.00 
0.21 0.79 0.00 
0.98 0.02 0.00 
0.95 0.05 0.00 
0.01 0.99 0.00 
0.08 0.92 0.00 
0.69 0.30 0.02 
0.25 0.75 0.01 
1.00 0.00 0.00 
0.01 0.99 0.00 
0.00 1.00 0.00 
0.12 0.88 0.00 
1.00 0.00 0.00 
0.98 0.02 0.00 
0.10 0.08 0.82 
0.05 0.95 0.00 
0.37 0.63 0.00 
0.06 0.94 0.00 
0.02 0.00 0.98 
0.96 0.04 0.00 
0.42 0.58 0.00 
0.11 0.89 0.00 
0.69 0.30 0.02 
0.00 0.00 1.00 
0.67 0.33 0.00 
0.11 0.89 0.00 
0.13 0.86 0.00 
1.00 0.00 0.00 
0.22 0.75 0.03 
0.35 0.64 0.01 
0.99 0.01 0.00 
0.91 0.09 0.00 
0.18 0.82 0.00 
0.11 0.88 0.00 
0.20 0.80 0.00 
0.92 0.08 0.00 
0.06 0.94 0.00 
0.04 0.96 0.00 
0.16 0.82 0.02 
0.93 0.07 0.00 
1.00 0.00 0.00 
1.00 0.00 0.00 
0.61 0.39 0.00 
1.00 0.00 0.00 
0.22 0.74 0.04 
0.03 0.96 0.01 
0.08 0.92 0.01 
0.59 0.38 0.04 
0.70 0.29 0.02 
0.12 0.88 0.00 
0.57 0.43 0.00 
0.22 0.77 0.00 
0.62 0.38 0.00 
0.75 0.24 0.01 
0.24 0.75 0.00 
0.67 0.32 0.01 
0.61 0.39 0.00 
0.14 0.85 0.00 
0.96 0.04 0.00 
1.00 0.00 0.00 
0.00 0.00 1.00 
0.00 0.00 1.00 
0.00 0.00 1.00 
0.09 0.91 0.00 
0.39 0.58 0.03 
0.00 0.00 1.00 
0.12 0.12 0.76 
0.10 0.89 0.01 
0.07 0.93 0.00 
0.00 1.00 0.00 
0.15 0.84 0.01 
0.01 0.99 0.00 
0.63 0.37 0.00 
0.99 0.01 0.00 
0.95 0.05 0.00 
0.35 0.65 0.00 
0.09 0.91 0.00 
0.98 0.02 0.00 
0.82 0.18 0.00 
0.08 0.92 0.00 
0.09 0.91 0.00 
0.69 0.29 0.02 
0.06 0.05 0.90 
1.00 0.00 0.00 
0.97 0.03 0.00 
0.10 0.89 0.01 
0.48 0.52 0.00 
0.95 0.05 0.00 
0.08 0.92 0.00 
0.09 0.91 0.00 
0.47 0.53 0.00 
0.13 0.87 0.00 
0.09 0.91 0.00 
0.11 0.89 0.00 
0.00 0.00 1.00 
0.26 0.74 0.00 
0.13 0.86 0.00 
1.00 0.00 0.00 
0.01 0.99 0.00 
0.46 0.53 0.01 
0.01 0.99 0.00 
0.03 0.97 0.00 
0.12 0.88 0.00 
0.91 0.09 0.00 
1.00 0.00 0.00 
0.31 0.67 0.02 
0.60 0.39 0.01 
0.03 0.97 0.00 
1.00 0.00 0.00 
0.04 0.96 0.00 
0.10 0.89 0.00 
0.36 0.63 0.01 
0.05 0.95 0.00 
0.68 0.30 0.02 
0.98 0.02 0.00 
0.86 0.14 0.00 
0.36 0.64 0.00 
0.39 0.61 0.01 
0.05 0.95 0.00 
0.98 0.02 0.00 
0.51 0.48 0.01 
1.00 0.00 0.00 
0.00 1.00 0.00 
0.01 0.00 0.99 
0.47 0.53 0.00 
0.02 0.01 0.97 
0.12 0.88 0.00 
0.99 0.00 0.01 
0.60 0.40 0.00 
0.13 0.11 0.76 
0.87 0.13 0.00 
0.23 0.77 0.00 
0.04 0.96 0.00 
0.22 0.78 0.00 
0.03 0.97 0.00 
0.44 0.56 0.00 
0.54 0.46 0.00 
1.00 0.00 0.00 
0.09 0.90 0.00 
0.04 0.96 0.00 
0.11 0.88 0.00 
0.99 0.01 0.00 
0.54 0.46 0.00 
0.94 0.06 0.00 
0.00 0.00 0.99 
0.63 0.36 0.00 
0.00 1.00 0.00 
0.85 0.15 0.00 
0.89 0.11 0.00 
0.08 0.92 0.00 
0.13 0.87 0.01 
0.55 0.41 0.04 
0.88 0.12 0.00 
0.39 0.60 0.00 
0.04 0.96 0.00 
0.63 0.27 0.10 
0.93 0.07 0.00 
0.27 0.71 0.03 
0.98 0.02 0.00 
0.18 0.81 0.01 
0.04 0.96 0.00 
0.13 0.87 0.01 
0.02 0.98 0.00 
0.33 0.66 0.00 
0.01 0.01 0.98 
0.99 0.01 0.00 
0.02 0.97 0.00 
0.99 0.01 0.00 
0.02 0.98 0.00 
1.00 0.00 0.00 
0.11 0.12 0.77 
0.04 0.96 0.00 
0.01 0.99 0.00 
0.12 0.87 0.01 
0.39 0.61 0.00 
0.07 0.93 0.00 
0.03 0.97 0.00 
0.52 0.47 0.00 
0.93 0.07 0.00 
0.12 0.08 0.80 
1.00 0.00 0.00 
1.00 0.00 0.00 
0.87 0.13 0.00 
0.94 0.06 0.00 
0.10 0.89 0.01 
0.17 0.82 0.01 
0.10 0.89 0.01 
0.92 0.08 0.00 
0.25 0.75 0.00 
0.38 0.62 0.00 
0.03 0.00 0.97 
0.89 0.11 0.00 
1.00 0.00 0.00 
0.93 0.07 0.00 
0.10 0.90 0.00 
0.58 0.42 0.00 
0.73 0.27 0.00 
0.13 0.87 0.00 
0.01 0.98 0.00 
0.00 0.00 1.00 
0.01 0.01 0.99 
0.12 0.88 0.00 
0.10 0.90 0.00 
1.00 0.00 0.00 
0.07 0.93 0.00 
0.09 0.89 0.01 
0.06 0.94 0.00 
0.03 0.97 0.00 
0.11 0.89 0.00 
0.81 0.19 0.00 
0.20 0.80 0.00 
0.11 0.08 0.80 
0.01 0.00 0.99 
0.01 0.99 0.00 
0.20 0.80 0.01 
0.97 0.03 0.00 
0.05 0.94 0.00 
0.83 0.17 0.00 
0.08 0.91 0.00 
0.09 0.91 0.00 
0.99 0.01 0.00 
0.00 1.00 0.00 
0.02 0.98 0.00 
0.92 0.08 0.00 
0.09 0.91 0.00 
0.40 0.58 0.02 
0.01 0.99 0.00 
1.00 0.00 0.00 
0.99 0.01 0.00 
0.00 1.00 0.00 
1.00 0.00 0.00 
0.02 0.97 0.00 
0.96 0.04 0.00 
0.53 0.46 0.00 
0.07 0.92 0.01 
0.98 0.02 0.00 
0.06 0.94 0.00 
0.93 0.07 0.00 
0.92 0.06 0.02 
0.72 0.28 0.00 
0.17 0.82 0.00 
0.04 0.96 0.00 
0.10 0.90 0.00 
1.00 0.00 0.00 
0.96 0.04 0.00 
0.96 0.04 0.00 
0.98 0.02 0.00 
0.03 0.97 0.00 
0.14 0.86 0.00 
0.05 0.95 0.00 
0.13 0.87 0.00 
0.09 0.91 0.00 
0.04 0.95 0.00 
0.01 0.99 0.00 
0.00 1.00 0.00 
0.99 0.01 0.00 
0.12 0.17 0.70 
0.02 0.00 0.98 
0.08 0.92 0.01 
0.39 0.00 0.60 
0.95 0.05 0.00 
0.03 0.97 0.00 
0.18 0.81 0.01 
0.18 0.81 0.01 
0.96 0.04 0.00 
1.00 0.00 0.00 
0.44 0.56 0.00 
0.52 0.00 0.48 
0.07 0.93 0.00 
0.34 0.66 0.00 
0.56 0.23 0.21 
0.02 0.98 0.00 
0.18 0.24 0.58 
0.72 0.27 0.02 
0.14 0.86 0.00 
0.97 0.03 0.00 
1.00 0.00 0.00 
0.13 0.86 0.01 
0.02 0.98 0.00 
0.05 0.95 0.00 
0.67 0.32 0.01 
0.01 0.00 0.99 
0.66 0.31 0.04 
0.92 0.08 0.00 
0.90 0.10 0.00 
0.07 0.93 0.00 
0.07 0.92 0.01 
0.00 1.00 0.00 
0.04 0.96 0.00 
0.68 0.30 0.01 
0.97 0.03 0.00 
0.00 0.00 1.00 
0.08 0.01 0.91 
0.03 0.97 0.00 
0.25 0.74 0.00 
0.53 0.47 0.00 
0.10 0.89 0.01 
0.10 0.90 0.00 
0.96 0.04 0.00 
0.96 0.04 0.00 
0.21 0.77 0.03 
0.65 0.22 0.13 
0.01 0.99 0.00 
0.99 0.01 0.00 
0.99 0.01 0.00 
0.01 0.99 0.00 
0.11 0.89 0.00 
1.00 0.00 0.00 
0.41 0.53 0.06 
0.79 0.21 0.00 
0.98 0.02 0.00 
0.94 0.06 0.00 
0.44 0.56 0.00 
0.08 0.92 0.00 
0.08 0.92 0.00 
0.95 0.05 0.00 
0.09 0.91 0.00 
0.05 0.95 0.00 
1.00 0.00 0.00 
0.03 0.97 0.00 
0.84 0.15 0.00 
0.37 0.62 0.01 
0.24 0.75 0.01 
0.03 0.01 0.97 
0.03 0.97 0.00 
0.10 0.90 0.00 
0.06 0.94 0.00 
0.07 0.92 0.00 
0.38 0.62 0.00 
0.31 0.68 0.01 
0.17 0.83 0.00 
0.09 0.90 0.00 
0.12 0.11 0.78 
0.69 0.31 0.00 
0.06 0.94 0.00 
0.94 0.06 0.00 
0.07 0.93 0.00 
0.04 0.96 0.00 
0.69 0.30 0.01 
1.00 0.00 0.00 
0.11 0.89 0.00 
0.52 0.38 0.10 
0.10 0.30 0.60 
0.59 0.36 0.06 
0.17 0.82 0.01 
0.03 0.97 0.00 
0.85 0.15 0.00 
0.03 0.97 0.00 
0.88 0.12 0.00 
0.96 0.04 0.00 
0.11 0.89 0.00 
0.02 0.98 0.00 
0.18 0.82 0.00 
0.11 0.88 0.01 
0.30 0.69 0.01 
0.93 0.07 0.00 
0.09 0.90 0.00 
1.00 0.00 0.00 
0.32 0.10 0.57 
0.25 0.75 0.00 
0.01 0.99 0.00 
0.91 0.09 0.00 
0.05 0.95 0.00 
0.01 0.99 0.00 
1.00 0.00 0.00 
0.91 0.09 0.00 
0.98 0.02 0.00 
0.17 0.82 0.01 
1.00 0.00 0.00 
0.04 0.96 0.00 
0.30 0.70 0.00 
0.01 0.99 0.00 
0.15 0.84 0.00 
nan nan nan 
0.12 0.17 0.71 
0.50 0.46 0.04 
0.04 0.96 0.00 
0.00 1.00 0.00 
0.08 0.92 0.00 
0.12 0.88 0.00 
1.00 0.00 0.00 
0.05 0.95 0.00 
1.00 0.00 0.00 
0.95 0.05 0.00 
0.90 0.10 0.00 
0.67 0.32 0.01 
0.89 0.10 0.00 
0.92 0.08 0.00 
0.83 0.17 0.00 
0.67 0.32 0.01 
0.21 0.79 0.00 
1.00 0.00 0.00 
0.99 0.01 0.00 
0.15 0.84 0.00 
0.58 0.42 0.00 
0.02 0.98 0.00 
0.13 0.87 0.00 
0.16 0.84 0.00 
0.90 0.09 0.00 
0.12 0.88 0.00 
0.89 0.11 0.00 
0.53 0.47 0.00 
0.02 0.00 0.98 
0.24 0.71 0.04 
0.86 0.14 0.00 
0.98 0.02 0.00 
0.09 0.91 0.00 
0.08 0.92 0.00 
0.13 0.86 0.00 
0.07 0.92 0.01 
0.12 0.87 0.00 
1.00 0.00 0.00 
0.97 0.03 0.00 
0.16 0.83 0.01 
0.04 0.96 0.00 
0.14 0.86 0.00 
0.99 0.01 0.00 
0.14 0.85 0.01 
0.56 0.41 0.03 
0.91 0.09 0.00 
0.01 0.99 0.00 
0.04 0.01 0.94 
0.85 0.15 0.00 
0.49 0.42 0.09 
0.19 0.81 0.00 
0.07 0.93 0.00 
0.12 0.12 0.76 
0.05 0.95 0.00 
0.06 0.94 0.00 
0.11 0.12 0.77 
0.99 0.01 0.00 
1.00 0.00 0.00 
0.11 0.87 0.02 
0.00 0.00 1.00 
0.09 0.90 0.01 
0.29 0.31 0.40 
0.19 0.81 0.00 
0.12 0.88 0.00 
0.74 0.16 0.11 
0.07 0.92 0.01 
0.01 0.99 0.00 
0.35 0.65 0.00 
0.98 0.02 0.00 
0.06 0.94 0.00 
0.00 1.00 0.00 
0.87 0.12 0.00 
0.93 0.07 0.00 
0.30 0.70 0.00 
0.71 0.26 0.03 
0.22 0.75 0.03 
0.67 0.33 0.00 
0.01 0.00 0.99 
0.80 0.18 0.01 
0.08 0.92 0.00 
0.84 0.16 0.00 
0.14 0.01 0.85 
1.00 0.00 0.00 
0.87 0.13 0.00 
0.02 0.98 0.00 
0.44 0.56 0.00 
0.61 0.39 0.00 
0.03 0.97 0.00 
0.10 0.00 0.90 
0.33 0.62 0.05 
0.87 0.13 0.00 
0.18 0.81 0.01 
0.63 0.37 0.00 
0.76 0.24 0.00 
0.06 0.94 0.00 
0.09 0.91 0.00 
0.26 0.72 0.02 
0.06 0.00 0.94 
0.92 0.08 0.00 
0.11 0.88 0.01 
0.92 0.08 0.00 
0.12 0.87 0.00 
0.86 0.13 0.00 
0.04 0.00 0.96 
0.72 0.28 0.00 
0.01 0.99 0.00 
0.00 1.00 0.00 
0.16 0.81 0.03 
0.32 0.67 0.00 
0.06 0.94 0.00 
1.00 0.00 0.00 
0.13 0.87 0.00 
0.47 0.53 0.00 
0.13 0.86 0.01 
0.05 0.17 0.79 
0.05 0.01 0.94 
0.08 0.91 0.00 
0.13 0.87 0.00 
0.02 0.98 0.00 
1.00 0.00 0.00 
0.40 0.59 0.01 
0.94 0.06 0.00 
0.12 0.88 0.00 
0.03 0.97 0.00 
0.12 0.10 0.79 
1.00 0.00 0.00 
0.55 0.44 0.00 
0.22 0.78 0.00 
0.17 0.83 0.00 
0.00 1.00 0.00 
0.00 1.00 0.00 
0.16 0.84 0.00 
0.02 0.98 0.00 
0.04 0.14 0.82 
0.96 0.03 0.01 
0.66 0.32 0.01 
0.92 0.07 0.00 
0.03 0.96 0.00 
0.95 0.05 0.00 
0.21 0.79 0.00 
0.58 0.36 0.06 
0.16 0.84 0.01 
0.92 0.08 0.00 
0.18 0.81 0.01 
0.98 0.02 0.00 
1.00 0.00 0.00 
0.12 0.88 0.00 
0.02 0.98 0.00 
0.06 0.94 0.00 
0.00 0.00 1.00 
0.76 0.23 0.01 
0.01 0.00 0.99 
0.20 0.79 0.01 
0.20 0.80 0.00 
0.22 0.78 0.00 
0.99 0.01 0.00 
0.15 0.84 0.02 
0.14 0.85 0.01 
0.84 0.16 0.00 
1.00 0.00 0.00 
0.07 0.92 0.00 
0.20 0.77 0.03 
0.00 1.00 0.00 
0.19 0.80 0.00 
0.76 0.17 0.06 
0.04 0.96 0.00 
0.95 0.05 0.00 
0.12 0.88 0.00 
0.98 0.02 0.00 
0.07 0.92 0.00 
0.12 0.86 0.02 
0.03 0.97 0.00 
0.06 0.94 0.01 
0.11 0.08 0.82 
0.05 0.95 0.00 
1.00 0.00 0.00 
0.35 0.64 0.00 
0.19 0.80 0.00 
0.91 0.09 0.00 
0.03 0.97 0.00 
0.08 0.92 0.00 
0.79 0.21 0.00 
0.00 1.00 0.00 
0.06 0.94 0.00 
0.22 0.77 0.01 
0.10 0.90 0.00 
0.13 0.11 0.76 
0.06 0.94 0.00 
0.12 0.88 0.00 
0.88 0.12 0.00 
0.03 0.97 0.00 
0.22 0.78 0.00 
0.52 0.48 0.00 
0.24 0.76 0.00 
1.00 0.00 0.00 
0.02 0.98 0.00 
0.12 0.01 0.88 
0.06 0.94 0.00 
1.00 0.00 0.00 
0.70 0.29 0.00 
0.06 0.09 0.85 
0.20 0.79 0.00 
1.00 0.00 0.00 
0.95 0.05 0.00 
0.10 0.90 0.00 
0.18 0.81 0.01 
0.12 0.10 0.79 
0.73 0.27 0.00 
0.89 0.11 0.00 
0.05 0.95 0.00 
0.27 0.72 0.01 
0.10 0.89 0.00 
0.06 0.94 0.01 
0.80 0.20 0.00 
0.16 0.84 0.00 
1.00 0.00 0.00 
0.12 0.87 0.01 
1.00 0.00 0.00 
0.99 0.01 0.00 
0.03 0.00 0.97 
1.00 0.00 0.00 
0.07 0.93 0.00 
0.23 0.77 0.01 
0.04 0.96 0.00 
0.67 0.27 0.05 
0.00 1.00 0.00 
0.01 0.98 0.00 
0.53 0.43 0.03 
0.12 0.88 0.00 
0.96 0.04 0.00 
0.72 0.27 0.02 
1.00 0.00 0.00 
0.07 0.93 0.00 
0.14 0.86 0.00 
0.13 0.86 0.01 
0.05 0.95 0.00 
0.86 0.14 0.00 
0.89 0.11 0.00 
0.00 0.00 1.00 
0.15 0.84 0.01 
0.61 0.39 0.00 
0.58 0.32 0.10 
0.67 0.32 0.01 
0.17 0.01 0.82 
0.07 0.93 0.00 
1.00 0.00 0.00 
0.14 0.86 0.00 
0.16 0.84 0.00 
0.01 0.99 0.00 
0.06 0.94 0.00 
0.08 0.91 0.00 
0.03 0.96 0.00 
1.00 0.00 0.00 
0.87 0.13 0.00 
0.06 0.93 0.00 
0.65 0.32 0.02 
0.08 0.92 0.00 
0.31 0.30 0.39 
0.13 0.87 0.00 
0.02 0.98 0.00 
0.98 0.02 0.00 
0.99 0.01 0.00 
0.03 0.97 0.00 
0.11 0.89 0.00 
0.05 0.95 0.00 
0.18 0.82 0.00 
0.96 0.04 0.00 
0.20 0.79 0.00 
0.02 0.98 0.00 
0.40 0.59 0.01 
0.93 0.07 0.00 
0.02 0.01 0.97 
1.00 0.00 0.00 
0.70 0.26 0.04 
0.98 0.02 0.00 
0.16 0.82 0.02 
0.14 0.86 0.00 
0.18 0.81 0.01 
0.03 0.97 0.00 
0.15 0.85 0.00 
0.03 0.97 0.00 
0.10 0.90 0.00 
0.96 0.04 0.00 
0.14 0.84 0.02 
0.88 0.12 0.00 
0.92 0.06 0.02 
0.00 1.00 0.00 
0.29 0.70 0.01 
1.00 0.00 0.00 
0.17 0.82 0.01 
0.97 0.03 0.00 
0.67 0.33 0.00 
0.10 0.90 0.00 
0.88 0.00 0.12 
0.70 0.29 0.02 
0.01 0.99 0.00 
0.17 0.12 0.71 
0.11 0.13 0.76 
0.21 0.79 0.00 
0.38 0.62 0.00 
0.09 0.91 0.00 
0.10 0.90 0.00 
1.00 0.00 0.00 
0.11 0.88 0.01 
1.00 0.00 0.00 
0.79 0.21 0.00 
0.15 0.22 0.63 
0.03 0.00 0.96 
0.15 0.85 0.00 
0.13 0.03 0.84 
0.01 0.99 0.00 
0.17 0.83 0.00 
0.01 0.98 0.00 
0.12 0.18 0.70 
0.98 0.02 0.00 
0.07 0.93 0.00 
0.10 0.90 0.00 
1.00 0.00 0.00 
0.11 0.89 0.00 
0.44 0.56 0.00 
0.99 0.01 0.00 
1.00 0.00 0.00 
0.54 0.46 0.00 
0.65 0.34 0.01 
0.04 0.96 0.00 
0.76 0.24 0.00 
0.83 0.17 0.00 
0.66 0.32 0.02 
0.78 0.22 0.00 
0.89 0.11 0.00 
0.59 0.02 0.38 
0.68 0.32 0.00 
0.09 0.91 0.00 
1.00 0.00 0.00 
0.91 0.09 0.00 
0.90 0.10 0.00 
0.71 0.29 0.00 
0.40 0.59 0.01 
0.66 0.33 0.02 
1.00 0.00 0.00 
0.96 0.04 0.00 
0.30 0.67 0.04 
0.32 0.68 0.00 
0.47 0.53 0.00 
0.17 0.82 0.00 
0.64 0.30 0.07 
0.70 0.30 0.00 
0.22 0.78 0.00 
1.00 0.00 0.00 
0.25 0.03 0.71 
0.90 0.10 0.00 
1.00 0.00 0.00 
0.00 0.00 1.00 
0.02 0.98 0.00 
0.18 0.82 0.00 
0.55 0.43 0.02 
0.04 0.96 0.00 
0.57 0.43 0.00 
0.06 0.94 0.00 
0.01 0.99 0.00 
0.00 1.00 0.00 
0.97 0.03 0.00 
0.01 0.99 0.00 
0.12 0.87 0.00 
0.04 0.96 0.00 
0.04 0.01 0.95 
0.09 0.91 0.00 
0.92 0.08 0.00 
0.27 0.72 0.01 
0.63 0.30 0.07 
0.05 0.00 0.95 
0.15 0.84 0.01 
0.99 0.01 0.00 
0.97 0.03 0.00 
nan nan nan 
0.05 0.95 0.00 
0.44 0.26 0.30 
0.32 0.67 0.01 
0.06 0.94 0.01 
0.03 0.01 0.97 
0.15 0.84 0.01 
1.00 0.00 0.00 
0.05 0.95 0.00 
0.60 0.30 0.10 
0.03 0.97 0.00 
0.09 0.91 0.00 
0.98 0.02 0.00 
0.95 0.05 0.00 
0.06 0.94 0.00 
0.41 0.59 0.00 
0.12 0.88 0.00 
0.86 0.14 0.00 
0.09 0.91 0.00 
0.98 0.02 0.00 
0.21 0.79 0.01 
0.06 0.94 0.00 
0.49 0.51 0.01 
0.93 0.07 0.00 
0.22 0.77 0.01 
0.02 0.98 0.00 
0.03 0.97 0.00 
0.07 0.93 0.00 
0.06 0.94 0.00 
0.02 0.98 0.00 
0.25 0.74 0.01 
0.06 0.93 0.01 
0.57 0.40 0.02 
0.06 0.94 0.00 
0.93 0.07 0.00 
0.03 0.97 0.00 
0.91 0.09 0.00 
0.14 0.86 0.00 
0.25 0.74 0.00 
0.20 0.77 0.03 
0.25 0.75 0.00 
1.00 0.00 0.00 
0.15 0.84 0.01 
0.86 0.14 0.00 
0.08 0.01 0.92 
1.00 0.00 0.00 
0.11 0.89 0.00 
0.09 0.90 0.00 
0.08 0.92 0.00 
0.36 0.64 0.00 
0.18 0.82 0.00 
0.05 0.95 0.00 
1.00 0.00 0.00 
0.86 0.14 0.00 
0.11 0.88 0.01 
0.13 0.87 0.00 
0.03 0.97 0.00 
1.00 0.00 0.00 
0.05 0.95 0.00 
0.98 0.02 0.00 
0.11 0.89 0.00 
0.09 0.91 0.00 
0.03 0.97 0.00 
0.18 0.13 0.69 
0.95 0.05 0.00 
0.52 0.48 0.00 
0.05 0.95 0.00 
0.05 0.94 0.00 
0.16 0.84 0.00 
0.05 0.94 0.00 
0.12 0.88 0.00 
0.12 0.87 0.00 
0.00 0.00 1.00 
0.14 0.86 0.00 
0.37 0.39 0.25 
0.06 0.94 0.00 
0.00 0.00 1.00 
0.61 0.39 0.00 
0.09 0.91 0.00 
0.23 0.77 0.00 
0.00 0.00 1.00 
0.73 0.24 0.02 
0.27 0.73 0.00 
0.03 0.97 0.00 
0.03 0.97 0.00 
0.03 0.00 0.97 
0.02 0.98 0.00 
0.73 0.27 0.00 
0.20 0.80 0.00 
0.56 0.44 0.00 
0.07 0.91 0.02 
0.99 0.01 0.00 
0.53 0.47 0.00 
0.11 0.01 0.88 
0.95 0.05 0.00 
0.74 0.26 0.00 
0.98 0.02 0.00 
0.07 0.92 0.00 
0.04 0.96 0.00 
0.21 0.79 0.00 
0.24 0.75 0.01 
0.09 0.91 0.00 
0.79 0.21 0.00 
0.01 0.99 0.00 
0.21 0.76 0.03 
0.18 0.81 0.01 
0.96 0.04 0.00 
0.15 0.84 0.01 
0.87 0.13 0.00 
0.82 0.18 0.00 
0.90 0.10 0.00 
0.01 0.99 0.00 
0.95 0.05 0.00 
0.99 0.01 0.00 
0.08 0.91 0.00 
0.51 0.15 0.35 
0.59 0.41 0.00 
0.04 0.00 0.96 
0.01 0.99 0.00 
0.21 0.78 0.01 
0.10 0.08 0.81 
0.07 0.93 0.00 
0.04 0.96 0.00 
0.26 0.70 0.04 
0.96 0.04 0.01 
0.05 0.95 0.00 
0.03 0.97 0.00 
0.24 0.75 0.00 
0.84 0.16 0.00 
0.07 0.01 0.92 
0.58 0.42 0.00 
0.33 0.66 0.01 
0.12 0.01 0.87 
0.03 0.97 0.00 
0.12 0.88 0.00 
0.00 1.00 0.00 
0.91 0.09 0.00 
0.75 0.25 0.00 
1.00 0.00 0.00 
0.74 0.17 0.09 
0.01 0.99 0.00 
0.31 0.68 0.01 
0.00 1.00 0.00 
0.31 0.68 0.01 
0.14 0.86 0.01 
0.36 0.63 0.00 
0.09 0.02 0.89 
0.07 0.93 0.00 
0.68 0.32 0.01 
0.12 0.87 0.00 
0.22 0.77 0.01 
0.70 0.29 0.02 
0.05 0.95 0.00 
0.22 0.78 0.01 
0.06 0.94 0.00 
0.44 0.53 0.03 
0.24 0.76 0.00 
0.15 0.85 0.00 
0.16 0.83 0.00 
0.03 0.97 0.00 
0.01 0.99 0.00 
0.98 0.02 0.00 
0.98 0.02 0.00 
0.09 0.91 0.00 
0.10 0.90 0.00 
0.09 0.90 0.01 
0.66 0.34 0.00 
0.99 0.01 0.00 
0.15 0.85 0.01 
0.77 0.22 0.00 
1.00 0.00 0.00 
0.04 0.96 0.00 
0.39 0.61 0.00 
0.24 0.75 0.02 
0.70 0.23 0.07 
0.74 0.26 0.00 
0.28 0.71 0.00 
1.00 0.00 0.00 
0.58 0.42 0.00 
0.88 0.12 0.00 
0.10 0.90 0.00 
0.13 0.86 0.00 
0.09 0.01 0.90 
0.43 0.57 0.00 
0.06 0.94 0.00 
1.00 0.00 0.00 
0.42 0.58 0.00 
0.03 0.97 0.00 
0.28 0.72 0.00 
0.41 0.59 0.00 
0.06 0.94 0.00 
0.16 0.84 0.00 
1.00 0.00 0.00 
0.42 0.58 0.00 
0.23 0.54 0.23 
0.79 0.15 0.06 
0.92 0.04 0.04 
0.87 0.13 0.00 
0.98 0.02 0.00 
0.39 0.61 0.00 
0.96 0.04 0.00 
0.02 0.03 0.94 
0.98 0.02 0.00 
1.00 0.00 0.00 
0.69 0.04 0.28 
0.03 0.97 0.00 
0.84 0.14 0.01 
0.12 0.88 0.00 
0.10 0.90 0.00 
0.03 0.97 0.00 
0.37 0.03 0.60 
0.50 0.48 0.02 
0.91 0.09 0.00 
0.34 0.66 0.00 
0.26 0.00 0.74 
0.04 0.96 0.00 
0.92 0.08 0.00 
0.06 0.94 0.00 
0.09 0.91 0.00 
0.00 1.00 0.00 
0.73 0.27 0.00 
0.12 0.88 0.00 
0.06 0.03 0.91 
1.00 0.00 0.00 
0.05 0.95 0.00 
0.38 0.61 0.01 
0.98 0.02 0.00 
0.07 0.92 0.00 
0.63 0.37 0.00 
0.02 0.00 0.98 
0.10 0.89 0.01 
0.18 0.82 0.01 
0.02 0.98 0.00 
0.04 0.96 0.00 
0.59 0.41 0.00 
0.92 0.08 0.00 
0.02 0.10 0.88 
0.02 0.00 0.98 
1.00 0.00 0.00 
1.00 0.00 0.00 
0.06 0.94 0.00 
0.94 0.06 0.00 
0.03 0.97 0.00 
0.06 0.94 0.00 
0.15 0.82 0.03 
0.14 0.85 0.01 
0.14 0.86 0.00 
0.03 0.97 0.00 
0.63 0.36 0.01 
0.07 0.93 0.00 
0.98 0.02 0.00 
0.13 0.86 0.01 
0.07 0.93 0.00 
0.87 0.12 0.00 
0.03 0.97 0.00 
0.02 0.98 0.00 
0.02 0.00 0.98 
0.06 0.93 0.00 
1.00 0.00 0.00 
0.00 0.00 1.00 
0.67 0.28 0.04 
0.02 0.97 0.00 
0.80 0.20 0.00 
0.00 1.00 0.00 
0.11 0.88 0.01 
0.99 0.01 0.00 
0.27 0.72 0.00 
0.12 0.87 0.01 
0.05 0.95 0.00 
1.00 0.00 0.00 
0.02 0.98 0.00 
0.30 0.64 0.05 
0.98 0.02 0.00 
0.97 0.03 0.00 
1.00 0.00 0.00 
0.19 0.81 0.00 
0.04 0.95 0.01 
0.69 0.31 0.00 
0.44 0.56 0.01 
0.00 0.00 0.99 
0.71 0.28 0.01 
0.20 0.80 0.00 
0.14 0.85 0.00 
0.03 0.97 0.01 
0.97 0.03 0.00 
0.39 0.55 0.06 
0.04 0.96 0.00 
0.71 0.29 0.00 
0.94 0.06 0.00 
0.09 0.91 0.00 
0.01 0.00 0.99 
0.01 0.99 0.00 
0.02 0.98 0.00 
0.96 0.04 0.00 
0.27 0.01 0.71 
0.01 0.99 0.00 
0.07 0.92 0.00 
0.05 0.01 0.94 
0.04 0.96 0.00 
0.44 0.56 0.00 
1.00 0.00 0.00 
0.64 0.35 0.01 
0.97 0.03 0.00 
0.19 0.81 0.01 
0.06 0.94 0.00 
0.19 0.39 0.42 
0.91 0.09 0.00 
0.10 0.90 0.00 
1.00 0.00 0.00 
0.84 0.15 0.00 
0.06 0.94 0.01 
0.97 0.03 0.00 
1.00 0.00 0.00 
1.00 0.00 0.00 
0.05 0.95 0.00 
0.29 0.71 0.00 
0.85 0.15 0.00 
0.09 0.89 0.01 
0.23 0.76 0.01 
0.14 0.85 0.00 
0.99 0.01 0.00 
0.45 0.55 0.00 
0.63 0.37 0.00 
0.01 0.99 0.00 
0.16 0.84 0.00 
0.63 0.37 0.00 
0.03 0.97 0.00 
0.03 0.97 0.00 
0.01 0.99 0.00 
1.00 0.00 0.00 
0.11 0.89 0.00 
0.00 0.00 1.00 
0.13 0.01 0.86 
0.07 0.93 0.01 
0.56 0.39 0.05 
0.72 0.25 0.02 
0.99 0.01 0.00 
0.13 0.86 0.00 
0.74 0.25 0.01 
0.11 0.89 0.00 
0.91 0.09 0.00 
0.10 0.90 0.01 
0.02 0.98 0.00 
0.00 0.00 0.99 
0.07 0.92 0.00 
0.05 0.03 0.92 
0.04 0.96 0.00 
0.02 0.00 0.97 
0.46 0.49 0.04 
0.75 0.25 0.00 
0.71 0.26 0.03 
0.98 0.02 0.00 
0.99 0.01 0.00 
0.13 0.86 0.00 
0.00 0.00 1.00 
0.10 0.89 0.00 
0.92 0.08 0.00 
0.39 0.61 0.00 
0.15 0.85 0.00 
0.98 0.02 0.00 
0.87 0.13 0.00 
0.29 0.70 0.01 
0.02 0.00 0.98 
0.06 0.04 0.90 
0.32 0.67 0.01 
0.06 0.94 0.00 
0.13 0.87 0.01 
0.92 0.08 0.00 
0.65 0.35 0.00 
0.07 0.92 0.00 
0.91 0.09 0.00 
0.90 0.10 0.00 
0.00 1.00 0.00 
1.00 0.00 0.00 
0.89 0.11 0.00 
0.83 0.17 0.00 
0.08 0.90 0.01 
0.61 0.31 0.08 
1.00 0.00 0.00 
0.98 0.02 0.00 
0.34 0.65 0.01 
0.03 0.00 0.97 
0.03 0.97 0.00 
0.93 0.07 0.00 
0.08 0.92 0.00 
0.02 0.98 0.00 
0.72 0.27 0.01 
0.18 0.82 0.01 
0.99 0.01 0.00 
0.04 0.96 0.00 
1.00 0.00 0.00 
0.79 0.13 0.08 
0.14 0.86 0.00 
0.20 0.80 0.00 
0.04 0.96 0.00 
1.00 0.00 0.00 
0.89 0.11 0.00 
0.01 0.99 0.00 
0.00 1.00 0.00 
0.98 0.02 0.00 
0.67 0.31 0.03 
0.03 0.06 0.91 
0.12 0.11 0.77 
0.90 0.10 0.00 
0.02 0.00 0.98 
0.15 0.84 0.00 
0.17 0.83 0.00 
0.20 0.79 0.00 
1.00 0.00 0.00 
0.06 0.94 0.00 
0.12 0.88 0.00 
0.01 0.99 0.00 
1.00 0.00 0.00 
0.00 0.00 1.00 
0.04 0.00 0.95 
0.64 0.36 0.00 
1.00 0.00 0.00 
0.10 0.90 0.00 
0.84 0.16 0.00 
0.26 0.65 0.08 
0.09 0.91 0.00 
0.90 0.10 0.00 
1.00 0.00 0.00 
0.94 0.06 0.00 
0.02 0.98 0.00 
0.97 0.03 0.00 
0.03 0.96 0.00 
0.26 0.74 0.00 
0.74 0.25 0.00 
1.00 0.00 0.00 
0.06 0.75 0.19 
0.33 0.66 0.02 
0.05 0.95 0.00 
0.05 0.95 0.00 
0.99 0.01 0.00 
0.16 0.84 0.00 
0.90 0.10 0.00 
0.09 0.91 0.00 
0.83 0.17 0.00 
0.01 0.99 0.00 
0.08 0.92 0.00 
1.00 0.00 0.00 
0.50 0.50 0.00 
0.02 0.98 0.00 
0.01 0.99 0.00 
0.15 0.82 0.03 
0.21 0.79 0.00 
0.79 0.21 0.00 
0.03 0.97 0.00 
0.96 0.04 0.00 
0.01 0.99 0.00 
0.10 0.89 0.00 
0.98 0.02 0.00 
0.00 1.00 0.00 
0.26 0.01 0.73 
0.07 0.93 0.00 
0.01 0.99 0.00 
0.70 0.28 0.02 
0.22 0.76 0.02 
1.00 0.00 0.00 
0.13 0.87 0.00 
0.11 0.89 0.00 
0.12 0.88 0.00 
0.09 0.90 0.00 
0.68 0.31 0.01 
0.35 0.63 0.02 
0.05 0.95 0.00 
0.03 0.97 0.00 
0.36 0.03 0.61 
0.14 0.86 0.00 
0.13 0.87 0.00 
0.59 0.38 0.03 
1.00 0.00 0.00 
0.92 0.08 0.00 
0.07 0.93 0.00 
0.02 0.00 0.98 
0.00 0.00 1.00 
0.30 0.70 0.00 
0.07 0.01 0.92 
0.91 0.09 0.00 
0.00 0.00 1.00 
0.07 0.93 0.00 
0.02 0.00 0.98 
0.73 0.26 0.02 
0.22 0.10 0.68 
0.04 0.96 0.00 
0.17 0.83 0.01 
0.98 0.02 0.00 
1.00 0.00 0.00 
0.89 0.11 0.00 
0.38 0.62 0.00 
0.47 0.49 0.04 
0.18 0.81 0.01 
0.00 1.00 0.00 
0.09 0.91 0.00 
1.00 0.00 0.00 
0.17 0.52 0.31 
0.73 0.25 0.02 
0.24 0.74 0.02 
1.00 0.00 0.00 
0.99 0.01 0.00 
1.00 0.00 0.00 
1.00 0.00 0.00 
0.01 0.99 0.00 
0.17 0.54 0.29 
0.10 0.90 0.00 
0.47 0.53 0.00 
0.15 0.85 0.00 
0.33 0.67 0.00 
0.31 0.69 0.00 
0.02 0.98 0.00 
0.20 0.80 0.00 
0.38 0.57 0.06 
1.00 0.00 0.00 
0.96 0.04 0.00 
0.00 0.00 1.00 
0.59 0.35 0.06 
0.85 0.15 0.00 
0.96 0.04 0.00 
0.67 0.32 0.02 
0.59 0.35 0.06 
0.16 0.83 0.00 
0.70 0.30 0.00 
0.83 0.17 0.00 
0.13 0.86 0.00 
0.56 0.44 0.00 
0.07 0.93 0.00 
0.00 1.00 0.00 
0.09 0.91 0.00 
0.40 0.60 0.00 
0.48 0.52 0.00 
0.01 0.98 0.00 
0.04 0.96 0.00 
0.01 0.01 0.98 
0.18 0.82 0.00 
0.02 0.00 0.98 
0.68 0.32 0.00 
0.72 0.12 0.17 
0.09 0.90 0.00 
0.98 0.02 0.00 
0.93 0.06 0.00 
1.00 0.00 0.00 
0.25 0.13 0.62 
0.06 0.94 0.00 
0.57 0.40 0.02 
0.84 0.16 0.00 
0.32 0.67 0.01 
0.16 0.84 0.00 
0.08 0.92 0.00 
0.13 0.87 0.00 
0.83 0.00 0.17 
0.15 0.85 0.00 
0.03 0.14 0.83 
0.43 0.57 0.00 
0.05 0.95 0.00 
0.10 0.90 0.00 
0.02 0.98 0.00 
0.06 0.94 0.00 
0.73 0.27 0.00 
0.14 0.86 0.01 
0.10 0.90 0.00 
0.13 0.87 0.00 
0.98 0.02 0.00 
0.91 0.09 0.00 
0.67 0.31 0.01 
0.07 0.93 0.00 
0.12 0.87 0.01 
0.08 0.91 0.00 
0.89 0.07 0.03 
0.14 0.85 0.00 
0.11 0.87 0.02 
0.07 0.93 0.00 
0.40 0.60 0.00 
1.00 0.00 0.00 
1.00 0.00 0.00 
0.93 0.07 0.00 
0.00 0.00 0.99 
0.60 0.40 0.00 
0.04 0.96 0.00 
1.00 0.00 0.00 
0.52 0.47 0.01 
0.05 0.95 0.00 
0.17 0.83 0.00 
1.00 0.00 0.00 
0.02 0.01 0.97 
0.01 0.99 0.00 
0.98 0.02 0.00 
0.06 0.94 0.00 
1.00 0.00 0.00 
1.00 0.00 0.00 
0.04 0.06 0.90 
0.93 0.07 0.00 
0.33 0.67 0.00 
0.07 0.92 0.00 
0.73 0.27 0.00 
0.13 0.87 0.01 
0.90 0.09 0.00 
0.56 0.44 0.00 
0.69 0.31 0.00 
0.10 0.90 0.00 
0.12 0.87 0.01 
1.00 0.00 0.00 
0.01 0.99 0.00 
0.62 0.03 0.35 
0.64 0.29 0.07 
0.12 0.87 0.00 
0.20 0.80 0.00 
0.90 0.10 0.00 
0.04 0.96 0.00 
0.96 0.04 0.00 
0.71 0.27 0.02 
0.03 0.97 0.00 
0.03 0.97 0.00 
0.12 0.87 0.01 
1.00 0.00 0.00 
0.18 0.81 0.01 
0.92 0.08 0.00 
0.64 0.35 0.00 
0.01 0.99 0.00 
0.15 0.84 0.01 
0.05 0.95 0.00 
0.98 0.01 0.01 
0.70 0.29 0.00 
0.02 0.02 0.96 
0.92 0.08 0.00 
0.23 0.77 0.00 
0.13 0.87 0.00 
1.00 0.00 0.00 
0.94 0.05 0.00 
0.21 0.76 0.02 
0.06 0.94 0.00 
0.18 0.82 0.00 
0.92 0.08 0.00 
0.97 0.01 0.02 
0.86 0.01 0.13 
0.45 0.50 0.04 
0.34 0.66 0.00 
0.36 0.64 0.00 
0.99 0.01 0.00 
0.97 0.03 0.00 
1.00 0.00 0.00 
0.26 0.56 0.18 
0.01 0.00 0.99 
0.17 0.83 0.00 
1.00 0.00 0.00 
0.29 0.70 0.01 
0.11 0.89 0.00 
0.01 0.99 0.00 
0.42 0.58 0.00 
0.12 0.87 0.01 
0.72 0.28 0.00 
0.12 0.88 0.00 
0.03 0.97 0.00 
0.99 0.01 0.00 
1.00 0.00 0.00 
0.52 0.48 0.00 
0.02 0.98 0.00 
0.20 0.78 0.03 
0.03 0.70 0.27 
0.25 0.09 0.66 
0.07 0.93 0.00 
0.02 0.98 0.00 
0.06 0.94 0.00 
0.99 0.01 0.00 
0.83 0.17 0.00 
0.08 0.92 0.00 
0.06 0.94 0.00 
1.00 0.00 0.00 
0.16 0.83 0.01 
0.56 0.44 0.00 
0.06 0.94 0.00 
0.03 0.97 0.00 
0.13 0.01 0.86 
0.08 0.92 0.00 
0.01 0.99 0.00 
0.09 0.91 0.00 
1.00 0.00 0.00 
0.00 1.00 0.00 
0.97 0.03 0.00 
0.17 0.82 0.01 
0.70 0.30 0.00 
0.11 0.89 0.00 
0.94 0.06 0.00 
0.00 1.00 0.00 
0.00 0.00 1.00 
0.81 0.00 0.19 
1.00 0.00 0.00 
0.95 0.05 0.00 
0.14 0.86 0.00 
0.18 0.82 0.00 
0.90 0.10 0.00 
0.17 0.10 0.73 
0.38 0.62 0.00 
0.94 0.06 0.00 
0.69 0.30 0.02 
0.86 0.14 0.00 
0.91 0.09 0.00 
0.09 0.91 0.00 
1.00 0.00 0.00 
0.31 0.69 0.00 
0.16 0.82 0.02 
0.58 0.42 0.00 
0.66 0.34 0.00 
0.70 0.25 0.05 
0.98 0.02 0.00 
0.11 0.06 0.83 
0.22 0.78 0.00 
0.06 0.94 0.00 
0.17 0.83 0.00 
0.88 0.12 0.00 
0.02 0.98 0.00 
0.80 0.20 0.00 
0.25 0.75 0.00 
0.74 0.25 0.01 
0.96 0.04 0.00 
0.02 0.98 0.00 
0.12 0.88 0.00 
0.10 0.14 0.76 
0.03 0.97 0.00 
1.00 0.00 0.00 
0.04 0.96 0.00 
0.01 0.99 0.00 
0.07 0.93 0.00 
0.91 0.09 0.00 
0.92 0.08 0.00 
0.11 0.89 0.00 
0.14 0.85 0.01 
0.03 0.97 0.00 
0.04 0.96 0.00 
0.98 0.02 0.00 
0.12 0.88 0.00 
0.49 0.38 0.13 
0.07 0.04 0.89 
0.13 0.87 0.00 
1.00 0.00 0.00 
0.66 0.24 0.10 
0.74 0.24 0.02 
0.07 0.93 0.00 
0.87 0.00 0.13 
0.24 0.75 0.00 
0.14 0.85 0.00 
0.05 0.94 0.01 
0.04 0.96 0.00 
0.96 0.04 0.00 
0.04 0.96 0.01 
0.12 0.18 0.70 
0.01 0.99 0.00 
0.10 0.89 0.00 
0.12 0.88 0.00 
0.00 1.00 0.00 
0.07 0.93 0.00 
0.58 0.42 0.00 
0.32 0.67 0.00 
0.15 0.85 0.00 
0.94 0.06 0.00 
0.06 0.94 0.00 
0.28 0.72 0.00 
0.22 0.76 0.01 
0.69 0.31 0.00 
0.30 0.65 0.05 
0.80 0.20 0.00 
0.10 0.90 0.00 
0.15 0.85 0.01 
0.98 0.02 0.00 
0.13 0.87 0.00 
0.69 0.31 0.00 
0.93 0.07 0.00 
0.92 0.08 0.00 
0.94 0.06 0.00 
0.59 0.34 0.07 
0.97 0.03 0.00 
0.18 0.81 0.01 
0.01 0.00 0.99 
0.09 0.91 0.00 
0.86 0.11 0.03 
0.10 0.89 0.00 
0.71 0.26 0.02 
0.16 0.84 0.00 
0.12 0.84 0.04 
0.06 0.94 0.00 
1.00 0.00 0.00 
0.11 0.89 0.01 
0.00 1.00 0.00 
0.25 0.74 0.01 
0.95 0.05 0.00 
0.57 0.43 0.00 
0.02 0.98 0.00 
0.08 0.91 0.01 
0.05 0.95 0.00 
0.12 0.88 0.01 
0.05 0.03 0.92 
0.00 0.00 0.99 
0.45 0.54 0.01 
1.00 0.00 0.00 
0.67 0.32 0.01 
0.61 0.34 0.04 
0.13 0.86 0.01 
0.09 0.90 0.00 
0.06 0.93 0.00 
0.14 0.85 0.01 
0.12 0.87 0.01 
0.03 0.09 0.88 
0.91 0.09 0.00 
0.26 0.74 0.00 
0.91 0.09 0.00 
0.99 0.01 0.00 
0.15 0.85 0.00 
0.00 0.00 1.00 
0.04 0.96 0.00 
0.07 0.93 0.00 
0.13 0.87 0.00 
0.08 0.00 0.92 
0.69 0.30 0.02 
0.00 0.00 1.00 
0.13 0.87 0.00 
1.00 0.00 0.00 
1.00 0.00 0.00 
0.17 0.07 0.76 
0.13 0.87 0.00 
0.09 0.91 0.00 
0.14 0.86 0.00 
0.05 0.95 0.00 
0.17 0.83 0.00 
0.96 0.04 0.00 
0.05 0.95 0.00 
1.00 0.00 0.00 
0.95 0.05 0.00 
0.07 0.92 0.01 
0.02 0.09 0.89 
0.05 0.95 0.00 
0.09 0.91 0.00 
0.10 0.89 0.01 
0.41 0.57 0.01 
0.45 0.55 0.00 
1.00 0.00 0.00 
0.43 0.57 0.00 
1.00 0.00 0.00 
0.05 0.94 0.00 
0.55 0.45 0.00 
0.03 0.97 0.00 
0.75 0.24 0.01 
0.00 0.00 1.00 
0.06 0.93 0.00 
0.32 0.68 0.00 
0.10 0.90 0.00 
0.05 0.95 0.00 
0.11 0.89 0.00 
0.10 0.90 0.00 
0.02 0.98 0.00 
0.34 0.63 0.04 
0.03 0.97 0.00 
0.09 0.91 0.00 
0.98 0.02 0.00 
0.10 0.90 0.00 
0.87 0.13 0.00 
0.10 0.90 0.00 
0.94 0.06 0.00 
0.67 0.24 0.09 
0.12 0.87 0.01 
0.00 1.00 0.00 
0.26 0.73 0.01 
0.62 0.38 0.00 
0.13 0.87 0.00 
0.21 0.79 0.00 
0.13 0.86 0.00 
0.12 0.07 0.81 
1.00 0.00 0.00 
0.98 0.02 0.00 
1.00 0.00 0.00 
0.06 0.94 0.00 
0.00 1.00 0.00 
0.92 0.08 0.00 
0.25 0.74 0.02 
0.17 0.06 0.77 
0.04 0.96 0.00 
0.12 0.10 0.78 
0.11 0.88 0.01 
0.05 0.95 0.00 
0.10 0.90 0.00 
0.09 0.91 0.00 
0.80 0.20 0.00 
0.05 0.95 0.00 
0.07 0.93 0.00 
0.18 0.82 0.00 
0.01 0.99 0.00 
0.17 0.82 0.01 
0.98 0.02 0.00 
0.90 0.10 0.00 
0.04 0.95 0.00 
0.04 0.96 0.00 
0.13 0.87 0.00 
0.47 0.53 0.00 
0.02 0.98 0.00 
0.05 0.00 0.95 
0.95 0.05 0.00 
0.19 0.81 0.00 
0.07 0.93 0.00 
1.00 0.00 0.00 
0.17 0.02 0.81 
0.06 0.08 0.85 
0.07 0.93 0.00 
0.08 0.91 0.00 
0.35 0.65 0.00 
1.00 0.00 0.00 
1.00 0.00 0.00 
1.00 0.00 0.00 
0.03 0.00 0.97 
0.04 0.96 0.00 
0.04 0.96 0.00 
0.07 0.93 0.00 
0.05 0.95 0.00 
0.05 0.95 0.00 
