[10, 11, 12, 13, 14, 16], [10, 11, 16], [19, 63], [21, 23, 48, 86], [22, 49, 65, 83, 87], [/*54, */89, 91], [95, 113, 123, 125], [102, 103], [104, 124], [116, 117]; textual: [10, 11, 12, 13, 14, 16], [27, 38], [31, 100],  [40, 41], [88, 119], [89, 91, /*97, 98*/], [105, 118], [106, 121]; conceptual: [107, 113, 123, 125], [47, 50]


Wrong ones: [54, 89, 91], [35, 122], [51, 84] /*[72, 126]*/, [97, 98]

duplicate1 rsult: [[[21], [48, 86]], [[48, 86], [48, 86]], [[48, 86], [23]], [[95, 113, 123], [95, 113, 123]], [[95, 113, 123], [125]], [[19],[63]], [[7], [4]], [[11, 14], [11,14]], [[11, 14], [10, 13, 16]], [[10, 13, 16], [10, 13, 16]], [[92], [104, 124]], [[104, 124],[104,124]], [[104, 124], [106]], [[106], [96]], [[54, 89, 91], [54, 89, 91]], [[116, 117], [116, 117]], [[105, 118], [105, 118]],[[73], [71]],[[75], [76]], [[40], [41]], [[121], [25, 34, 35, 36, 38, 47, 50, 61]], [[25, 34, 35, 36, 38, 47, 50, 61], [25, 34, 35,36, 38, 47, 50, 61]], [[22, 83], [22, 83]], [[22, 83], [49, 65, 87]], [[49, 65, 87], [49, 65, 87]], [[12], [11, 14]], [[102], [103]],[[72], [33]], [[98], [30]], [[98], [60]], [[97], [98]], [[37], [32]], [[33], [72]], [[110], [84]], [[94], [104, 124]], [[45],[110]],[[4], [7]], [[119], [88]], [[125], [107]], [[84], [45]], [[109], [101]], [[92], [106]], [[106], [104, 124]], [[30], [98]],[[71], [73]], [[60], [98]], [[107], [125]], [[98], [97]], [[88], [119]], [[32], [37]], [[110], [45]], [[23], [21]], [[94], [92]],[[76], [75]], [[107], [95, 113, 123]], [[48, 86], [21]], [[98], [24]], [[21], [23]]]


cordup1result: [10, 11, 12, 13, 14, 16, 19, 21, 22, 23, 25, 34, 35, 36, 38, 40, 41, 47, 48, 49, 50, 61, 63, 65, 83, 86, 87, 88, 89, 91, 95, 101, 102, 103, 104, 105, 106, 107, 109, 113, 116, 117, 118, 119, 121, 123, 124, 125]

dup1result
[21, 48, 86, 23, 95, 113, 123, 125, 19, 63, 7, 4, 11, 14, 10, 13, 16, 92, 104, 124, 106, 96, 54, 89, 91, 116, 117, 105, 118, 73, 71, 75, 76, 40, 41, 121, 25, 34, 35, 36, 38, 47, 50, 61, 22, 83, 49, 65, 87, 12, 102, 103, 72, 33, 98, 30, 60, 97, 37, 32, 110, 84, 94, 45, 119, 88, 107, 109, 101, 24]

refined_wrongones
[4, 7, 24, 30, 32, 33, 37, 45, 54, 60, 71, 72, 73, 75, 76, 84, 92, 94, 96, 97, 98, 110]


70